CUSEC,Total_Poblacion,Espanoles,Total_Extranjeros
2800101001,66,65,1
2800201001,2127,1877,250
2800201002,2328,1974,354
2800301001,199,195,4
2800401001,2809,2438,371
2800401002,2942,2596,346
2800401003,1961,1669,292
2800401004,1437,1291,146
2800501001,1603,1337,266
2800501002,999,833,166
2800501003,1795,1485,310
2800501004,1358,1128,230
2800501005,1304,1103,201
2800501006,1289,1167,122
2800501007,1265,1105,160
2800501008,777,659,118
2800501009,1131,950,181
2800501010,941,793,148
2800501011,1415,1133,282
2800501012,1912,1552,360
2800501013,975,780,195
2800501014,1286,1062,224
2800501015,2374,1820,554
2800501016,1163,916,247
2800501017,1072,692,380
2800501018,1287,880,407
2800501020,1656,1099,557
2800501021,1489,1224,265
2800501022,1874,1383,491
2800501023,1281,1065,216
2800501024,1344,1202,142
2800502001,1328,1075,253
2800502002,1082,895,187
2800502003,1515,1224,291
2800502004,1427,1073,354
2800502005,1369,1026,343
2800502006,1804,1419,385
2800502007,1911,1496,415
2800502008,2415,1973,442
2800502009,774,578,196
2800502010,1443,1111,332
2800502011,1358,1153,205
2800502012,1164,998,166
2800502013,798,684,114
2800502014,1023,804,219
2800502015,817,745,72
2800502016,1366,1146,220
2800502017,1128,929,199
2800502018,1799,1509,290
2800502019,2150,1662,488
2800502020,1916,1497,419
2800502021,1663,1329,334
2800502022,1262,1013,249
2800502023,1106,862,244
2800502024,1663,1337,326
2800502025,1496,1185,311
2800502026,1773,1393,380
2800502027,1660,1410,250
2800502028,1808,1708,100
2800502029,1417,1390,27
2800502030,1054,894,160
2800502031,1797,1731,66
2800502032,1406,1181,225
2800502033,1430,1225,205
2800502034,1554,1306,248
2800502035,1823,1558,265
2800502036,1835,1577,258
2800502037,1059,900,159
2800503001,1607,1246,361
2800503002,1223,938,285
2800503003,1329,809,520
2800503004,1512,1274,238
2800503005,1107,767,340
2800503006,1757,1378,379
2800503007,2267,1837,430
2800503008,1253,985,268
2800503009,1487,1079,408
2800503011,1533,1200,333
2800503012,1423,1151,272
2800503013,1591,1513,78
2800503014,2890,2450,440
2800503015,2427,2320,107
2800503016,2293,2132,161
2800503017,2153,2038,115
2800504001,3004,2567,437
2800504002,1635,1574,61
2800504003,1848,1767,81
2800504004,1402,1354,48
2800504005,1854,1691,163
2800504006,2057,1900,157
2800504007,2420,2328,92
2800504008,2233,2148,85
2800504009,2206,2025,181
2800504010,2386,2237,149
2800504011,2495,2373,122
2800504012,1790,1542,248
2800504013,2067,2013,54
2800504014,1917,1820,97
2800504015,1224,1104,120
2800504016,1621,1584,37
2800504017,3519,3358,161
2800505001,1250,831,419
2800505002,1752,1327,425
2800505003,1586,1245,341
2800505004,1305,1031,274
2800505005,1252,1005,247
2800505006,860,738,122
2800505007,1953,1776,177
2800505008,998,881,117
2800505009,1390,1133,257
2800505010,811,620,191
2800505011,1402,1095,307
2800505012,1861,1415,446
2800505013,1071,1041,30
2800505014,2259,1967,292
2800505015,1436,1388,48
2800505016,967,909,58
2800505017,1752,1276,476
2800505018,1048,855,193
2800505019,769,602,167
2800505020,1735,1335,400
2800505021,1939,1580,359
2800505022,1976,1862,114
2800505023,1765,1476,289
2800505024,1621,1145,476
2800505025,1440,1027,413
2800505026,1573,1129,444
2800505027,824,604,220
2800505028,1091,1044,47
2800505029,1841,1611,230
2800505030,704,677,27
2800505031,770,737,33
2800505032,1796,1741,55
2800601001,1757,1452,305
2800601002,2530,1905,625
2800601003,1877,1322,555
2800601004,2594,1932,662
2800601005,859,676,183
2800601006,1495,1154,341
2800601007,1832,1431,401
2800601008,1937,1420,517
2800601009,2580,2010,570
2800601011,784,633,151
2800601012,1156,941,215
2800601013,1693,1461,232
2800601014,1718,1421,297
2800601015,1981,1632,349
2800601016,1550,1195,355
2800601017,1175,910,265
2800601018,1825,1444,381
2800601019,723,592,131
2800601020,924,778,146
2800601021,1624,1376,248
2800601022,1559,1323,236
2800601023,2033,1755,278
2800601024,1223,1027,196
2800601025,1683,1524,159
2800601026,1076,1003,73
2800601027,2376,2069,307
2800601028,1680,1590,90
2800601029,1285,1198,87
2800601030,2166,2045,121
2800601031,1679,1543,136
2800601032,2137,1948,189
2800601033,2240,1908,332
2800601034,1366,1206,160
2800601035,929,726,203
2800601036,2171,1658,513
2800601037,3576,3140,436
2800601038,1659,1521,138
2800601039,2834,2497,337
2800601040,2020,1616,404
2800601041,2294,1863,431
2800601042,1438,1157,281
2800601043,1188,881,307
2800601044,1866,1730,136
2800601045,1678,1569,109
2800601046,893,752,141
2800601047,1016,959,57
2800601048,2268,1985,283
2800601049,1684,1615,69
2800601050,1790,1741,49
2800601051,2289,2208,81
2800601052,1382,1355,27
2800601053,2264,2207,57
2800601054,2090,1858,232
2800601055,2269,2173,96
2800601056,1826,1716,110
2800601057,1997,1905,92
2800601058,1459,1428,31
2800601059,3153,2673,480
2800601060,1060,961,99
2800601061,1077,1006,71
2800601062,1733,1685,48
2800601063,2003,1904,99
2800601064,1946,1881,65
2800601065,1524,1498,26
2800601066,2371,2289,82
2800701001,1252,1148,104
2800701002,1938,1600,338
2800701003,1399,1232,167
2800701004,1371,1088,283
2800701005,1597,1382,215
2800701006,925,747,178
2800701007,1476,1099,377
2800701008,1957,1598,359
2800701010,1539,1203,336
2800701011,1474,1142,332
2800701012,1380,1059,321
2800701013,1113,904,209
2800701014,943,770,173
2800701015,1130,1004,126
2800701016,3055,2701,354
2800701017,2095,2046,49
2800701018,1399,1352,47
2800701019,1807,1682,125
2800701020,2799,2675,124
2800702001,1045,898,147
2800702002,774,682,92
2800702003,1371,1247,124
2800702004,1065,974,91
2800702005,1246,1127,119
2800702006,1503,1407,96
2800702007,694,657,37
2800702008,689,665,24
2800702009,1212,1120,92
2800702010,912,848,64
2800702011,1186,1076,110
2800702012,1117,965,152
2800702013,1253,1137,116
2800702014,1442,1277,165
2800702015,1776,1667,109
2800702016,2119,2009,110
2800702017,1306,1252,54
2800702019,1690,1641,49
2800702020,1309,1256,53
2800702021,1682,1648,34
2800702022,1631,1471,160
2800702023,756,683,73
2800702024,882,823,59
2800702025,853,792,61
2800702026,648,588,60
2800702027,1144,1052,92
2800702028,1347,1253,94
2800702029,1246,1169,77
2800702030,1143,1110,33
2800702031,1659,1612,47
2800702032,1652,1626,26
2800702033,1980,1890,90
2800702034,2718,2668,50
2800702035,2252,2198,54
2800702036,850,824,26
2800702037,1264,1226,38
2800702038,1945,1898,47
2800703001,1856,1581,275
2800703002,1105,898,207
2800703003,822,735,87
2800703004,1216,1020,196
2800703005,1359,1204,155
2800703006,901,770,131
2800703007,926,781,145
2800703008,920,740,180
2800703009,1243,1112,131
2800703010,1387,1113,274
2800703011,808,745,63
2800703012,1733,1639,94
2800703013,1384,1299,85
2800703014,1346,1252,94
2800703015,1240,1176,64
2800703016,1220,1159,61
2800703017,1267,1146,121
2800703018,1381,1271,110
2800703019,1621,1468,153
2800703020,1120,1051,69
2800703021,1303,1151,152
2800703022,833,803,30
2800703023,797,718,79
2800703024,1154,1038,116
2800703025,1109,954,155
2800703026,888,775,113
2800703027,760,723,37
2800703028,614,546,68
2800703029,955,801,154
2800704001,924,690,234
2800704002,1086,773,313
2800704003,1368,970,398
2800704004,1443,1128,315
2800704005,1160,876,284
2800704006,882,797,85
2800704007,1765,1628,137
2800704008,1672,1543,129
2800704009,1608,1244,364
2800704010,815,655,160
2800704011,1376,1084,292
2800704012,1076,869,207
2800704013,1331,1071,260
2800704014,1000,850,150
2800704015,1581,1434,147
2800704016,1246,1147,99
2800704017,1108,971,137
2800704018,1555,1471,84
2800704019,987,944,43
2800704020,1707,1642,65
2800704021,1281,1068,213
2800704022,1125,1049,76
2800704023,2155,2119,36
2800704024,1593,1567,26
2800704025,2434,2399,35
2800704026,2141,2087,54
2800704027,2859,2790,69
2800704028,2639,2603,36
2800704029,1001,992,9
2800704030,2181,2090,91
2800704031,1611,1542,69
2800704032,1837,1759,78
2800704033,2129,2049,80
2800704034,2091,2021,70
2800704035,2096,1918,178
2800801001,2616,2173,443
2800901001,2986,2560,426
2800901002,2782,2537,245
2800901003,1945,1703,242
2800901004,1722,1481,241
2800901005,2304,2109,195
2800901006,1497,1327,170
2800901007,2048,1892,156
2800901008,2930,2751,179
2800901009,2205,2057,148
2801001001,2499,2257,242
2801001002,2293,2028,265
2801001003,2282,2150,132
2801001004,2778,2582,196
2801001005,3077,2898,179
2801001006,1311,1202,109
2801101001,677,495,182
2801201001,1238,1125,113
2801301001,1514,1199,315
2801301002,2204,1942,262
2801301003,1842,1639,203
2801301004,1141,857,284
2801301005,1459,1067,392
2801301006,1025,770,255
2801301007,1206,1134,72
2801301008,2139,2084,55
2801301009,1641,1519,122
2801302001,1247,1079,168
2801302002,2066,1851,215
2801302003,2601,2061,540
2801302004,1365,1256,109
2801302005,2318,1879,439
2801302006,2031,1694,337
2801302007,2744,2574,170
2801302008,2073,1808,265
2801303001,1119,953,166
2801303002,2511,2192,319
2801303003,2461,2162,299
2801303004,1495,1369,126
2801303005,1787,1602,185
2801303006,1713,1509,204
2801303007,1671,1592,79
2801303008,1506,1453,53
2801303009,1228,1178,50
2801303010,2312,2199,113
2801304001,939,831,108
2801304002,1403,1295,108
2801304003,1484,1325,159
2801304004,2771,2545,226
2801304005,3197,2800,397
2801401001,1493,999,494
2801401002,2034,1390,644
2801401003,1757,1124,633
2801401004,1785,1258,527
2801401005,2396,1371,1025
2801401006,823,603,220
2801401007,1613,1109,504
2801401008,1426,1141,285
2801401009,2357,1616,741
2801401010,2427,1937,490
2801401011,2010,1773,237
2801401012,2394,1630,764
2801401013,3115,2196,919
2801401014,1449,1274,175
2801401015,1795,1471,324
2801401016,1427,836,591
2801401017,2518,2139,379
2801401018,1625,1175,450
2801401019,1910,1597,313
2801401020,2166,2021,145
2801401021,2551,2426,125
2801401022,2602,2187,415
2801401023,1807,1565,242
2801401024,2507,2296,211
2801401025,2865,2580,285
2801401026,2969,2586,383
2801501001,997,885,112
2801501002,1993,1803,190
2801501003,1804,1647,157
2801501004,1969,1876,93
2801501005,1821,1752,69
2801501006,2100,2018,82
2801501007,2432,2294,138
2801501008,3178,3041,137
2801501009,2588,2422,166
2801501010,2356,2248,108
2801501011,3002,2913,89
2801501012,1867,1755,112
2801501013,1661,1397,264
2801501014,1360,1264,96
2801601001,97,92,5
2801701001,1610,1519,91
2801801001,2735,2317,418
2801801002,2722,2489,233
2801901001,1628,1514,114
2802001001,203,181,22
2802101001,743,688,55
2802201001,1928,1453,475
2802201002,786,716,70
2802201003,2441,2265,176
2802201004,2143,1920,223
2802201005,1368,1303,65
2802201006,1714,1551,163
2802201007,1923,1801,122
2802201008,1222,954,268
2802201009,1107,1053,54
2802201010,2467,2313,154
2802201011,1562,1469,93
2802201012,2277,2170,107
2802201013,3016,2892,124
2802201014,1841,1768,73
2802201015,2370,2259,111
2802201016,2023,1973,50
2802201017,2143,2012,131
2802201018,3252,3139,113
2802201019,2265,2082,183
2802201020,2551,2450,101
2802201021,1996,1920,76
2802201022,1594,1490,104
2802201023,3223,3072,151
2802201024,1773,1697,76
2802201025,2478,2355,123
2802301001,2316,2058,258
2802301002,3216,2829,387
2802301003,1826,1614,212
2802401001,208,182,26
2802501001,539,474,65
2802601001,1803,1309,494
2802601002,1880,1460,420
2802601003,1558,1443,115
2802601004,2297,1979,318
2802601005,2835,2232,603
2802701001,1854,1476,378
2802801001,2399,2181,218
2802901001,712,667,45
2803001001,2570,2112,458
2803101001,3053,2498,555
2803201001,2824,2479,345
2803201002,2053,1835,218
2803201003,2207,2066,141
2803301001,1877,1538,339
2803301002,2454,2067,387
2803301003,1664,1396,268
2803401001,448,413,35
2803501001,1940,1655,285
2803601001,1933,1792,141
2803601002,1717,1638,79
2803701001,1082,969,113
2803701002,902,829,73
2803801001,2871,2472,399
2803801002,1537,1329,208
2803801003,2445,2273,172
2803901001,156,141,15
2804001001,1616,1481,135
2804001002,1444,1129,315
2804001003,1583,1342,241
2804002001,2495,2246,249
2804002002,1446,1224,222
2804002003,2842,2280,562
2804002004,2781,2489,292
2804002005,2566,2275,291
2804002006,2241,2065,176
2804003001,2323,1775,548
2804003002,2400,2033,367
2804101001,1985,1666,319
2804101002,2694,2425,269
2804101003,2484,2204,280
2804201001,1632,1434,198
2804301001,1177,1107,70
2804301002,2095,1937,158
2804302001,1455,1356,99
2804302002,1395,1312,83
2804302003,1688,1533,155
2804401001,1909,1549,360
2804401002,3182,2804,378
2804401003,2275,1989,286
2804401004,1649,1593,56
2804501001,2421,2135,286
2804501002,2275,1991,284
2804501003,1740,1379,361
2804501004,2171,1844,327
2804501005,1299,1170,129
2804501006,2308,1924,384
2804501007,2069,1500,569
2804501008,2445,2231,214
2804501009,1460,1174,286
2804501010,1862,1415,447
2804501011,1230,1157,73
2804501012,2435,2216,219
2804501013,2888,2676,212
2804501014,1731,1363,368
2804501015,1601,1338,263
2804501016,2504,1980,524
2804501017,2448,2138,310
2804501018,1705,1631,74
2804501019,1320,1264,56
2804501020,2096,2025,71
2804501021,2686,2619,67
2804501022,1088,1049,39
2804501023,2260,2131,129
2804501024,2572,2423,149
2804601001,1565,1367,198
2804601002,1889,1684,205
2804601003,1991,1677,314
2804601004,1221,995,226
2804701001,2066,1837,229
2804701002,1102,666,436
2804701003,2203,2065,138
2804701004,3464,2513,951
2804701005,3262,2455,807
2804701006,1960,1307,653
2804701007,2288,1911,377
2804701008,1601,1401,200
2804701009,1713,1499,214
2804701010,1595,1154,441
2804701011,1857,1503,354
2804701012,1826,1275,551
2804701013,2622,1986,636
2804701014,2209,1745,464
2804701015,1506,1035,471
2804701016,3029,2543,486
2804701017,1725,1614,111
2804701018,2050,1763,287
2804701019,2089,1938,151
2804701020,2162,2024,138
2804701021,1894,1690,204
2804701022,2025,1736,289
2804701023,1312,1074,238
2804701024,1660,1540,120
2804701025,2035,1838,197
2804701026,2476,2295,181
2804701027,1666,1576,90
2804701028,1676,1523,153
2804701029,1830,1256,574
2804701030,1804,1353,451
2804701031,1445,1373,72
2804801001,684,641,43
2804901001,912,627,285
2804901002,1602,1290,312
2804901003,1330,804,526
2804901004,2299,1666,633
2804901005,1265,964,301
2804901006,1537,1226,311
2804901007,2460,1793,667
2804901008,1295,802,493
2804901009,1283,789,494
2804901010,1473,900,573
2804901011,963,619,344
2804901013,1510,999,511
2804901014,1020,700,320
2804901015,1360,935,425
2804901016,1168,778,390
2804901017,1415,1152,263
2804901018,1372,1345,27
2804901019,1612,1553,59
2804901020,1327,1263,64
2804901021,2343,2206,137
2804901022,1435,1377,58
2804901023,1857,1795,62
2804901024,2313,2177,136
2804902001,1789,1584,205
2804902002,1155,961,194
2804902003,1060,893,167
2804902004,1753,1377,376
2804902005,2065,1864,201
2804902006,2200,2105,95
2804902007,731,552,179
2804902008,1247,912,335
2804902009,941,785,156
2804902010,1107,900,207
2804902011,1131,903,228
2804902012,1351,1054,297
2804902013,811,647,164
2804902014,1610,1337,273
2804902015,2051,1776,275
2804902016,2280,2010,270
2804902017,1089,1013,76
2804902018,1090,1041,49
2804902019,1386,1343,43
2804902020,1500,1465,35
2804902021,1260,1094,166
2804903001,1753,1443,310
2804903002,1783,1348,435
2804903003,1819,1635,184
2804903004,2099,1928,171
2804903005,1812,1709,103
2804903006,1754,1649,105
2804903007,1530,1403,127
2804903008,992,800,192
2804903009,1809,1403,406
2804904002,2902,2076,826
2805001001,1412,1332,80
2805001002,2420,2298,122
2805001003,2280,2084,196
2805101001,2225,1968,257
2805201001,2014,1757,257
2805201002,2068,1824,244
2805201003,1158,1062,96
2805301001,2040,1770,270
2805301002,2466,2361,105
2805301003,2877,2666,211
2805301004,2699,2552,147
2805401001,2346,1983,363
2805401002,2613,2218,395
2805401003,1745,1591,154
2805401004,1869,1675,194
2805402001,2735,2515,220
2805402002,1486,1370,116
2805402003,1303,1230,73
2805402004,1465,1395,70
2805501001,1261,1013,248
2805601001,1550,1163,387
2805701001,2115,1942,173
2805801002,1554,1327,227
2805801003,1144,984,160
2805801004,2535,2246,289
2805801005,1353,1155,198
2805801006,1110,950,160
2805801007,943,835,108
2805802001,1453,1237,216
2805802002,1762,1551,211
2805802003,1454,1265,189
2805802004,1298,1196,102
2805802005,1180,1042,138
2805802006,1353,1194,159
2805802007,1013,797,216
2805802008,1184,948,236
2805802009,1923,1761,162
2805802010,1307,1114,193
2805802011,1653,1474,179
2805802012,1819,1495,324
2805802013,960,854,106
2805802014,1022,948,74
2805802015,736,687,49
2805802016,1186,958,228
2805802017,944,849,95
2805803001,1284,1134,150
2805803002,1393,1243,150
2805803003,1838,1357,481
2805803004,1789,1315,474
2805803005,1367,1123,244
2805803006,1343,1106,237
2805803007,1947,1472,475
2805803008,2410,2188,222
2805803009,1834,1692,142
2805803010,1375,1255,120
2805804001,1685,1124,561
2805804002,1588,1183,405
2805804003,1720,1381,339
2805804004,1249,1035,214
2805804005,1993,1583,410
2805804006,2078,1784,294
2805804007,2339,2118,221
2805804008,2284,2162,122
2805804009,1611,1359,252
2805804010,1573,1312,261
2805804011,1178,991,187
2805804012,1018,753,265
2805804013,1641,1415,226
2805804014,1902,1829,73
2805804015,2257,2165,92
2805804016,1399,1354,45
2805805001,2673,2382,291
2805805002,2229,2014,215
2805805003,1186,1028,158
2805805004,1088,996,92
2805805005,1864,1385,479
2805805006,2255,1886,369
2805806001,983,911,72
2805806002,1497,1430,67
2805806003,2181,2014,167
2805806004,2127,2029,98
2805806005,2161,2000,161
2805806006,1766,1636,130
2805806007,1722,1572,150
2805806008,1950,1771,179
2805806009,2050,1835,215
2805806010,1746,1586,160
2805806011,1743,1578,165
2805806012,1561,1418,143
2805806013,2149,1921,228
2805806014,2238,2077,161
2805806015,1866,1761,105
2805806016,1889,1798,91
2805806017,1751,1690,61
2805806018,1496,1380,116
2805806019,1614,1537,77
2805807001,1607,1238,369
2805807002,1598,1391,207
2805807003,1822,1585,237
2805807004,2170,1803,367
2805807005,1167,1045,122
2805807006,1820,1662,158
2805807007,1583,1537,46
2805807008,951,876,75
2805807009,1083,883,200
2805807010,930,867,63
2805807011,1278,1147,131
2805807012,1068,934,134
2805807013,1208,1081,127
2805807014,1826,1763,63
2805807015,1824,1694,130
2805807016,2429,2322,107
2805808001,1460,1304,156
2805808002,850,696,154
2805808003,786,704,82
2805808004,1253,1150,103
2805808005,1259,1050,209
2805808006,1713,1523,190
2805808007,1841,1615,226
2805808008,2023,1835,188
2805808009,2085,1840,245
2805808010,1325,1206,119
2805808011,1089,989,100
2805808012,1373,1264,109
2805808013,1859,1683,176
2805808014,1251,1109,142
2805808015,1642,1508,134
2805808016,1671,1611,60
2805809001,1451,1283,168
2805809002,2605,2433,172
2805809003,1729,1575,154
2805809004,2174,2112,62
2805809005,2321,2222,99
2805809006,2124,2016,108
2805809007,2050,1894,156
2805809008,2565,2479,86
2805809009,2573,2463,110
2805809010,2224,2105,119
2805809011,2258,2162,96
2805809012,1985,1931,54
2805901001,2866,2430,436
2805901002,1734,1642,92
2805901003,1824,1394,430
2806001001,1980,1823,157
2806101001,3080,2544,536
2806101002,3178,2554,624
2806101003,2933,2119,814
2806101004,2984,2295,689
2806101005,2438,2244,194
2806101006,2056,1931,125
2806101007,2044,1954,90
2806101008,2255,2116,139
2806101009,2849,2688,161
2806101010,1212,1134,78
2806101011,3564,2421,1143
2806101012,2685,2137,548
2806101013,1625,1445,180
2806201001,331,317,14
2806301001,315,291,24
2806401001,176,165,11
2806501002,2173,1760,413
2806501003,732,645,87
2806501004,1250,995,255
2806501005,2244,1926,318
2806501006,2693,2344,349
2806501007,1069,949,120
2806501008,1433,1218,215
2806501009,1062,929,133
2806501010,1466,1173,293
2806501011,2025,1673,352
2806501012,1333,1082,251
2806501013,1037,888,149
2806501014,1415,1138,277
2806501015,1418,1228,190
2806501016,1350,1114,236
2806501017,1243,1010,233
2806501018,1431,1290,141
2806501019,1212,930,282
2806502001,1308,1118,190
2806502002,1183,960,223
2806502003,1636,1349,287
2806502004,1396,989,407
2806502005,1496,1120,376
2806502006,1245,875,370
2806502007,1285,842,443
2806502009,1315,1047,268
2806502010,1973,1630,343
2806502011,1031,796,235
2806502012,1705,1451,254
2806502013,2150,1886,264
2806502014,1487,1164,323
2806502015,901,748,153
2806502016,2606,2414,192
2806502017,2431,2393,38
2806502018,1851,1738,113
2806502019,2342,2247,95
2806502020,2316,2206,110
2806502021,2684,2571,113
2806503001,1393,1140,253
2806503002,964,803,161
2806503003,1447,1056,391
2806503004,1156,867,289
2806503005,1072,840,232
2806503006,1510,1163,347
2806503007,1576,1323,253
2806503008,1355,1108,247
2806503009,2082,1794,288
2806503010,1176,963,213
2806503011,1090,824,266
2806503012,1358,1085,273
2806503013,1036,917,119
2806503014,1202,984,218
2806503015,964,839,125
2806503016,1232,972,260
2806503017,797,786,11
2806503018,1066,1038,28
2806503019,1519,1489,30
2806503020,652,622,30
2806503021,838,826,12
2806503022,1182,1122,60
2806503023,677,665,12
2806503024,1116,1064,52
2806503025,1139,1082,57
2806503026,885,848,37
2806503027,973,945,28
2806503028,1642,1366,276
2806503029,1476,1403,73
2806503030,1844,1755,89
2806503031,872,841,31
2806503032,1177,1070,107
2806503033,3342,3174,168
2806503034,1648,1620,28
2806503035,1927,1829,98
2806503036,1957,1781,176
2806503037,2050,1974,76
2806503038,2704,2619,85
2806503039,2118,1979,139
2806503040,1860,1811,49
2806503041,1224,1186,38
2806503042,3258,3097,161
2806503043,3563,3404,159
2806503044,2050,1806,244
2806504001,1436,1098,338
2806504002,1516,1203,313
2806504003,1653,1373,280
2806504004,1263,957,306
2806504005,927,799,128
2806504006,1117,924,193
2806504007,1271,1079,192
2806504008,898,707,191
2806504009,1436,1115,321
2806504010,1469,1117,352
2806504011,913,805,108
2806504012,1160,979,181
2806504013,1341,1085,256
2806504014,1187,997,190
2806504015,1400,1167,233
2806504016,1501,1110,391
2806504017,1269,1023,246
2806504018,1442,1183,259
2806504021,714,574,140
2806504023,1437,1218,219
2806504024,810,659,151
2806504025,718,608,110
2806504026,1383,1186,197
2806504027,1535,1436,99
2806504028,1405,1327,78
2806504029,2867,2577,290
2806504030,2442,2364,78
2806504031,1788,1704,84
2806504032,2431,2260,171
2806504033,3219,2954,265
2806504034,4367,4219,148
2806504035,2877,2720,157
2806601001,2667,2459,208
2806601002,1723,1546,177
2806601003,2612,2452,160
2806601004,1378,1329,49
2806601005,1680,1600,80
2806701001,2117,1771,346
2806701002,2123,1901,222
2806701003,1809,1603,206
2806801001,920,759,161
2806801002,2699,2385,314
2806801003,1992,1656,336
2806801004,2223,2008,215
2806801005,1845,1653,192
2806801006,1898,1698,200
2806801007,2073,1935,138
2806801008,1970,1855,115
2806901001,52,52,0
2807001001,142,131,11
2807101001,88,72,16
2807201001,2997,2600,397
2807201002,2883,2604,279
2807201003,2152,1993,159
2807301001,2733,2458,275
2807301002,2677,2098,579
2807301003,1737,1409,328
2807301004,1802,1520,282
2807301005,2289,1958,331
2807301006,2854,2406,448
2807301007,3016,2806,210
2807301008,2499,2274,225
2807401001,1099,961,138
2807401002,733,651,82
2807401003,1376,1169,207
2807401004,945,832,113
2807401005,1260,1127,133
2807401006,1620,1421,199
2807401007,1161,1036,125
2807401008,963,833,130
2807401009,1568,1397,171
2807401010,903,782,121
2807401011,1235,1009,226
2807401012,982,793,189
2807401013,847,745,102
2807401014,1047,898,149
2807401015,806,659,147
2807401016,1249,1025,224
2807401017,941,820,121
2807401018,1923,1757,166
2807401019,891,781,110
2807401020,1346,1261,85
2807401021,806,668,138
2807401022,938,786,152
2807401023,1012,824,188
2807401024,1568,1405,163
2807401025,1925,1743,182
2807401026,1254,1237,17
2807402001,1368,1130,238
2807402002,1073,893,180
2807402003,1461,1204,257
2807402004,852,699,153
2807402005,978,809,169
2807402006,889,704,185
2807402008,1225,974,251
2807402009,988,826,162
2807402010,1008,791,217
2807402011,1130,1044,86
2807402012,734,633,101
2807402013,1545,1300,245
2807402014,946,820,126
2807402015,1108,952,156
2807402016,956,789,167
2807402017,1206,981,225
2807402019,1422,1157,265
2807402020,1125,992,133
2807402021,827,682,145
2807402022,678,650,28
2807403001,1121,982,139
2807403002,1248,1011,237
2807403003,1096,872,224
2807403004,1092,888,204
2807403005,796,625,171
2807403006,1167,993,174
2807403007,1297,1078,219
2807403008,1643,1323,320
2807403012,1829,1461,368
2807403013,1450,1139,311
2807403014,1551,1381,170
2807403015,1944,1860,84
2807403016,1604,1538,66
2807403017,1210,1150,60
2807403018,2302,2091,211
2807403019,1518,1459,59
2807403020,2281,2171,110
2807403021,2716,2627,89
2807403022,1812,1762,50
2807403023,2897,2808,89
2807404001,1306,1128,178
2807404002,1245,1073,172
2807404003,1184,1071,113
2807404004,976,876,100
2807404005,1174,1106,68
2807404006,949,838,111
2807404007,1064,983,81
2807404008,1010,921,89
2807404009,1290,1157,133
2807404010,1372,1237,135
2807404011,849,809,40
2807404012,921,795,126
2807404013,1250,1166,84
2807404014,925,825,100
2807404015,1002,943,59
2807404016,824,769,55
2807404017,1311,1233,78
2807404018,1112,988,124
2807404019,1335,1218,117
2807404020,1047,912,135
2807404021,1102,991,111
2807404022,1016,897,119
2807404023,1244,1153,91
2807404024,1150,1082,68
2807404025,1134,1007,127
2807404026,972,881,91
2807404027,880,761,119
2807404028,1034,930,104
2807404029,1077,997,80
2807404030,1038,980,58
2807404031,930,829,101
2807404032,1340,1230,110
2807404033,1094,994,100
2807404034,1074,987,87
2807404035,1208,1100,108
2807404036,1257,1115,142
2807404037,1245,1160,85
2807404038,1036,954,82
2807404039,944,887,57
2807404040,1034,990,44
2807404041,967,928,39
2807405001,1567,1463,104
2807405002,2054,1936,118
2807405003,1695,1598,97
2807405004,1005,979,26
2807405005,1449,1387,62
2807405006,1369,1297,72
2807405007,1572,1424,148
2807405008,976,933,43
2807405009,1609,1545,64
2807405010,2761,2658,103
2807405011,1040,975,65
2807405012,3241,3013,228
2807405013,1343,1331,12
2807405014,1327,1295,32
2807405015,1316,1271,45
2807405016,2294,2147,147
2807405017,1841,1701,140
2807405018,1314,1181,133
2807405019,2607,2510,97
2807406001,1357,1151,206
2807406002,984,842,142
2807406003,2506,2248,258
2807406004,1586,1259,327
2807406005,1434,1181,253
2807406006,1146,909,237
2807406008,1803,1530,273
2807406010,1883,1808,75
2807407001,1172,1158,14
2807407002,1783,1742,41
2807407003,2023,1987,36
2807407004,2744,2676,68
2807407005,2319,2273,46
2807407006,3187,3023,164
2807501001,2246,1965,281
2807501002,3049,2707,342
2807501003,3230,2965,265
2807601001,559,455,104
2807801001,46,42,4
2807901001,1121,938,183
2807901002,889,656,233
2807901003,1748,1247,501
2807901004,1245,1069,176
2807901006,1704,1434,270
2807901007,831,713,118
2807901008,791,649,142
2807901009,1221,1035,186
2807901011,1031,890,141
2807901012,772,632,140
2807901013,1096,869,227
2807901014,1329,1126,203
2807901015,1673,1342,331
2807901016,1028,863,165
2807901018,1693,1483,210
2807901019,1206,1079,127
2807901020,1179,1046,133
2807901021,1815,1586,229
2807901022,1210,1019,191
2807901023,1406,1132,274
2807901024,1226,978,248
2807901025,900,711,189
2807901026,1365,1093,272
2807901027,1167,908,259
2807901028,1361,1009,352
2807901029,1365,1051,314
2807901030,1037,794,243
2807901031,1120,913,207
2807901032,1829,1528,301
2807901033,1226,953,273
2807901034,1568,905,663
2807901035,1487,1072,415
2807901036,1088,857,231
2807901037,1145,848,297
2807901038,1172,800,372
2807901039,1014,743,271
2807901040,796,579,217
2807901041,988,650,338
2807901042,1078,771,307
2807901043,1174,773,401
2807901045,1287,937,350
2807901046,1560,1175,385
2807901047,2205,1522,683
2807901048,1297,966,331
2807901049,1320,890,430
2807901050,1344,965,379
2807901051,1355,935,420
2807901053,1298,992,306
2807901054,888,654,234
2807901055,1022,840,182
2807901056,851,727,124
2807901057,1398,1222,176
2807901058,678,567,111
2807901059,1421,1176,245
2807901061,764,638,126
2807901062,985,813,172
2807901063,753,594,159
2807901064,733,585,148
2807901065,798,641,157
2807901066,1484,1108,376
2807901067,1048,789,259
2807901068,816,659,157
2807901069,924,659,265
2807901071,703,598,105
2807901072,1524,1234,290
2807901073,1479,1246,233
2807901074,1510,1127,383
2807901075,1377,985,392
2807901076,1302,967,335
2807901077,1212,1013,199
2807901079,1363,1110,253
2807901081,1568,1150,418
2807901082,1560,1277,283
2807901084,1352,1164,188
2807901087,1250,1053,197
2807901088,1029,901,128
2807901089,1398,1204,194
2807901090,820,702,118
2807901091,1058,844,214
2807901092,711,572,139
2807901093,1417,1083,334
2807901094,1362,1055,307
2807901095,1406,1046,360
2807901096,1064,770,294
2807901097,1352,1109,243
2807901098,1171,913,258
2807901099,1145,933,212
2807901100,1090,902,188
2807901101,1212,925,287
2807901102,1137,928,209
2807901103,1302,1126,176
2807901104,1158,946,212
2807901105,1158,994,164
2807901106,1065,972,93
2807901107,1096,969,127
2807901108,1308,1126,182
2807901109,880,712,168
2807901110,886,704,182
2807901111,960,755,205
2807901112,1049,756,293
2807901113,1117,808,309
2807901114,1493,1108,385
2807901115,1019,763,256
2807901116,1302,954,348
2807901117,1629,1213,416
2807901118,809,573,236
2807901119,1078,728,350
2807901120,787,588,199
2807901121,1600,1246,354
2807901123,704,581,123
2807901124,730,572,158
2807902001,1092,943,149
2807902002,1462,1280,182
2807902003,1187,1102,85
2807902004,1006,948,58
2807902005,769,693,76
2807902006,2183,2075,108
2807902007,744,692,52
2807902008,1670,1484,186
2807902009,2008,1958,50
2807902010,1055,955,100
2807902011,1207,1156,51
2807902013,1187,1114,73
2807902014,1122,1046,76
2807902015,1593,1462,131
2807902016,1778,1688,90
2807902017,1819,1744,75
2807902018,2186,2111,75
2807902019,1548,1501,47
2807902020,1098,1015,83
2807902021,1104,1005,99
2807902022,1007,844,163
2807902023,1176,1027,149
2807902024,1667,1482,185
2807902025,790,655,135
2807902026,1308,1178,130
2807902027,956,925,31
2807902028,846,697,149
2807902029,720,591,129
2807902030,1322,1243,79
2807902031,1120,1084,36
2807902032,649,595,54
2807902033,1212,1120,92
2807902034,871,784,87
2807902035,1001,889,112
2807902036,951,881,70
2807902037,1202,1141,61
2807902038,994,935,59
2807902039,690,645,45
2807902040,1698,1544,154
2807902041,1937,1656,281
2807902042,1805,1592,213
2807902043,1040,911,129
2807902044,1758,1454,304
2807902045,1056,829,227
2807902046,1357,1063,294
2807902047,1534,1150,384
2807902048,1164,950,214
2807902049,1715,1640,75
2807902050,1592,1282,310
2807902051,1712,1588,124
2807902052,1425,1371,54
2807902053,1665,1531,134
2807902054,1138,985,153
2807902055,1192,1056,136
2807902056,1052,915,137
2807902057,1514,1232,282
2807902058,1565,1256,309
2807902059,707,621,86
2807902060,1283,1123,160
2807902061,835,713,122
2807902062,1025,876,149
2807902063,1556,1360,196
2807902064,1683,1512,171
2807902065,1613,1330,283
2807902066,2565,2279,286
2807902067,1420,1190,230
2807902068,1216,956,260
2807902069,832,738,94
2807902070,1347,1207,140
2807902071,1437,1292,145
2807902072,1585,1368,217
2807902073,1725,1494,231
2807902074,1743,1523,220
2807902075,1990,1614,376
2807902077,1117,955,162
2807902078,808,679,129
2807902079,1182,1065,117
2807902080,924,833,91
2807902081,1112,952,160
2807902082,1293,1024,269
2807902083,1107,1063,44
2807902085,1280,1247,33
2807902086,1334,1244,90
2807902087,2212,2150,62
2807902088,697,639,58
2807902089,1124,1073,51
2807902090,1878,1821,57
2807902091,1187,1135,52
2807902092,1921,1823,98
2807902093,1539,1485,54
2807902094,1786,1764,22
2807902095,1667,1582,85
2807902096,1729,1697,32
2807902097,2752,2625,127
2807902098,1276,1171,105
2807902099,3170,2931,239
2807902100,1395,1290,105
2807902101,1551,1456,95
2807902102,1810,1748,62
2807902103,2498,2269,229
2807902104,2516,2358,158
2807902105,2607,2379,228
2807902106,2373,2258,115
2807902107,1282,1220,62
2807902108,989,959,30
2807902109,1477,1383,94
2807902110,1584,1507,77
2807903001,1729,1672,57
2807903002,971,843,128
2807903003,894,826,68
2807903004,1039,872,167
2807903005,750,651,99
2807903006,2132,2033,99
2807903007,930,761,169
2807903008,1072,989,83
2807903009,962,888,74
2807903010,1024,984,40
2807903011,1072,983,89
2807903012,1007,951,56
2807903013,1036,953,83
2807903014,1278,1188,90
2807903015,1019,876,143
2807903016,790,670,120
2807903017,1218,1127,91
2807903018,1896,1743,153
2807903019,1887,1817,70
2807903020,1289,1170,119
2807903021,1687,1508,179
2807903022,1099,888,211
2807903023,982,895,87
2807903024,1244,1147,97
2807903025,2230,2083,147
2807903026,1755,1612,143
2807903027,1224,1116,108
2807903028,1499,1358,141
2807903029,1485,1418,67
2807903030,772,762,10
2807903031,1111,1036,75
2807903032,1041,997,44
2807903033,1566,1465,101
2807903034,1407,1350,57
2807903035,1137,1093,44
2807903036,964,944,20
2807903037,1372,1355,17
2807903038,1110,1077,33
2807903039,861,846,15
2807903040,795,772,23
2807903041,1198,1155,43
2807903042,1117,1068,49
2807903044,1119,1059,60
2807903045,1041,1002,39
2807903046,902,865,37
2807903047,1578,1482,96
2807903048,1152,1076,76
2807903049,1785,1690,95
2807903050,1326,1221,105
2807903051,1148,1043,105
2807903052,974,894,80
2807903053,1395,1264,131
2807903054,1297,1196,101
2807903055,906,765,141
2807903056,1120,1041,79
2807903057,1066,978,88
2807903058,1241,1068,173
2807903059,1145,1000,145
2807903060,728,651,77
2807903061,899,771,128
2807903062,637,559,78
2807903063,799,711,88
2807903064,957,904,53
2807903065,742,699,43
2807903066,876,787,89
2807903067,1156,1060,96
2807903069,944,824,120
2807903070,765,689,76
2807903071,1504,1243,261
2807903073,1606,1488,118
2807903074,1154,1106,48
2807903076,1078,1033,45
2807903077,1627,1541,86
2807903078,1493,1418,75
2807903079,1260,1185,75
2807903080,1743,1644,99
2807903081,1834,1774,60
2807903082,1483,1416,67
2807903084,1534,1437,97
2807903085,837,804,33
2807903086,1016,952,64
2807903087,1724,1674,50
2807903088,621,583,38
2807903089,1953,1898,55
2807903090,1178,1168,10
2807903091,1677,1648,29
2807903092,2163,2079,84
2807903093,1187,1163,24
2807903094,795,783,12
2807903095,1926,1854,72
2807903096,2004,1943,61
2807903097,2596,2456,140
2807903098,1820,1661,159
2807903099,1360,1261,99
2807904001,956,747,209
2807904002,1053,889,164
2807904003,792,678,114
2807904004,893,772,121
2807904005,843,750,93
2807904006,959,793,166
2807904007,1343,1122,221
2807904008,1138,898,240
2807904009,1852,1678,174
2807904010,774,667,107
2807904011,1480,1313,167
2807904012,1265,1113,152
2807904013,969,838,131
2807904014,1194,1006,188
2807904015,1273,1122,151
2807904016,1336,1156,180
2807904017,1298,1126,172
2807904018,1241,1138,103
2807904019,697,596,101
2807904020,723,621,102
2807904021,852,764,88
2807904023,816,706,110
2807904024,1296,1087,209
2807904025,908,803,105
2807904026,835,741,94
2807904027,1512,1259,253
2807904028,1367,1186,181
2807904029,1429,1281,148
2807904030,1409,1269,140
2807904031,883,765,118
2807904032,790,692,98
2807904033,1035,944,91
2807904034,1551,1397,154
2807904035,1424,1235,189
2807904036,789,717,72
2807904037,796,719,77
2807904038,1068,905,163
2807904039,825,748,77
2807904040,796,751,45
2807904041,968,857,111
2807904042,1356,1234,122
2807904043,1379,1273,106
2807904044,1521,1366,155
2807904045,1411,1281,130
2807904046,651,598,53
2807904047,1126,1049,77
2807904048,986,827,159
2807904049,1342,1147,195
2807904050,661,587,74
2807904051,1211,1056,155
2807904052,1109,951,158
2807904053,1133,1025,108
2807904054,1231,1139,92
2807904055,1600,1469,131
2807904056,1460,1319,141
2807904057,1125,992,133
2807904058,1309,1132,177
2807904060,1339,1156,183
2807904061,1395,1266,129
2807904062,1290,1100,190
2807904063,1586,1376,210
2807904064,1022,916,106
2807904065,1654,1481,173
2807904067,1063,954,109
2807904068,993,886,107
2807904069,1544,1375,169
2807904070,1245,1057,188
2807904071,1197,1098,99
2807904072,696,664,32
2807904073,1380,1329,51
2807904074,1115,1055,60
2807904075,927,902,25
2807904076,950,917,33
2807904077,1098,1062,36
2807904078,664,653,11
2807904079,1115,1067,48
2807904080,774,748,26
2807904081,1100,1042,58
2807904082,825,785,40
2807904083,724,680,44
2807904084,821,768,53
2807904085,1919,1747,172
2807904086,2595,2353,242
2807904087,2327,2060,267
2807904088,1973,1718,255
2807904089,761,667,94
2807904090,1188,1037,151
2807904091,1403,1156,247
2807904092,917,826,91
2807904093,1069,911,158
2807904094,1340,1204,136
2807904095,677,563,114
2807904096,782,681,101
2807904097,993,863,130
2807904098,1287,1186,101
2807904099,1119,965,154
2807904100,803,743,60
2807904101,851,651,200
2807904102,1154,928,226
2807904103,1209,1011,198
2807904104,1165,994,171
2807904105,1124,1006,118
2807904106,1080,899,181
2807904107,687,610,77
2807904108,973,842,131
2807904109,1613,1455,158
2807904110,1117,948,169
2807904111,1763,1593,170
2807904112,1239,1068,171
2807904113,1119,973,146
2807904114,1458,1298,160
2807904115,1910,1713,197
2807904116,913,763,150
2807904117,833,720,113
2807904118,794,669,125
2807904119,1407,1221,186
2807904120,938,867,71
2807904121,1198,1100,98
2807904123,1429,1221,208
2807904124,999,764,235
2807904126,1463,1247,216
2807904127,1048,779,269
2807904128,1059,760,299
2807904129,739,584,155
2807904130,822,674,148
2807905001,1132,1014,118
2807905002,1621,1396,225
2807905003,1865,1685,180
2807905004,1421,1303,118
2807905005,1378,1296,82
2807905006,1271,1150,121
2807905007,1905,1770,135
2807905008,1557,1362,195
2807905009,1189,1066,123
2807905010,908,743,165
2807905011,812,684,128
2807905012,1164,974,190
2807905013,825,757,68
2807905014,1070,946,124
2807905015,1020,875,145
2807905016,849,719,130
2807905017,1341,1166,175
2807905018,1233,1066,167
2807905019,919,798,121
2807905020,1200,1060,140
2807905021,802,679,123
2807905022,1418,1269,149
2807905023,1376,1310,66
2807905024,874,831,43
2807905025,1089,1025,64
2807905026,1592,1465,127
2807905027,1647,1502,145
2807905028,1874,1660,214
2807905029,1793,1520,273
2807905030,1335,1127,208
2807905031,986,889,97
2807905032,1437,1233,204
2807905033,1953,1803,150
2807905034,1624,1475,149
2807905035,1223,1152,71
2807905036,1654,1563,91
2807905037,1221,1192,29
2807905038,1902,1753,149
2807905039,1619,1481,138
2807905040,691,610,81
2807905041,1151,929,222
2807905042,1396,1268,128
2807905043,1205,1093,112
2807905044,1644,1430,214
2807905045,1716,1502,214
2807905046,1671,1471,200
2807905047,1676,1420,256
2807905048,1168,1057,111
2807905049,1154,1110,44
2807905051,1414,1313,101
2807905052,1385,1290,95
2807905053,2142,2012,130
2807905054,1572,1458,114
2807905055,1514,1402,112
2807905056,1452,1350,102
2807905057,1110,1022,88
2807905058,1779,1668,111
2807905059,716,678,38
2807905060,1370,1244,126
2807905061,2126,2019,107
2807905062,1661,1573,88
2807905063,840,777,63
2807905064,2063,1911,152
2807905065,1145,1065,80
2807905066,1300,1200,100
2807905067,2387,2225,162
2807905068,1751,1641,110
2807905069,877,830,47
2807905070,2069,1905,164
2807905072,1584,1479,105
2807905073,1657,1551,106
2807905074,1432,1303,129
2807905075,1765,1619,146
2807905076,2266,2032,234
2807905077,1413,1284,129
2807905078,925,841,84
2807905079,1851,1603,248
2807905080,1006,921,85
2807905081,2126,2019,107
2807905082,2403,2219,184
2807905083,1878,1648,230
2807905084,1725,1595,130
2807905085,1781,1649,132
2807905086,1265,1089,176
2807905087,1781,1641,140
2807905088,787,745,42
2807905089,725,693,32
2807905090,975,918,57
2807905091,852,779,73
2807905092,1378,1137,241
2807905094,2605,2396,209
2807905095,1861,1816,45
2807905096,1329,1184,145
2807905097,1504,1405,99
2807905098,1128,1054,74
2807905099,1821,1715,106
2807905100,1960,1852,108
2807905101,2483,2369,114
2807905102,886,867,19
2807906001,1354,1040,314
2807906002,965,787,178
2807906003,1479,1209,270
2807906004,1214,885,329
2807906005,1035,811,224
2807906006,919,679,240
2807906007,1040,839,201
2807906008,1047,823,224
2807906009,1134,990,144
2807906010,1725,1619,106
2807906011,1226,969,257
2807906012,986,764,222
2807906013,1065,792,273
2807906014,1133,928,205
2807906015,1131,829,302
2807906016,1715,1229,486
2807906017,1019,778,241
2807906018,1356,1008,348
2807906019,2268,1530,738
2807906021,1904,1313,591
2807906023,1143,988,155
2807906024,717,596,121
2807906025,1040,769,271
2807906026,979,846,133
2807906027,1219,1057,162
2807906028,1381,1295,86
2807906029,1596,1428,168
2807906031,1162,1042,120
2807906032,1013,831,182
2807906033,1447,1052,395
2807906034,888,716,172
2807906035,1586,1238,348
2807906036,1057,848,209
2807906037,1122,890,232
2807906038,848,788,60
2807906039,855,800,55
2807906040,1133,1068,65
2807906041,1786,1549,237
2807906042,1979,1536,443
2807906043,1452,1181,271
2807906044,1042,981,61
2807906045,1144,1088,56
2807906046,1578,1418,160
2807906048,939,900,39
2807906049,773,724,49
2807906050,644,589,55
2807906051,1142,1083,59
2807906052,1012,919,93
2807906053,1271,1039,232
2807906054,1152,970,182
2807906056,2304,1697,607
2807906057,1423,1250,173
2807906058,1187,1036,151
2807906059,1040,897,143
2807906060,903,835,68
2807906061,963,895,68
2807906062,1938,1764,174
2807906063,1185,1069,116
2807906064,725,687,38
2807906065,879,788,91
2807906066,1314,1127,187
2807906067,1173,905,268
2807906068,1194,1023,171
2807906069,1481,1161,320
2807906070,1320,1120,200
2807906071,955,868,87
2807906072,2011,1682,329
2807906073,1634,1401,233
2807906074,922,856,66
2807906075,1028,883,145
2807906076,937,789,148
2807906077,844,751,93
2807906078,982,909,73
2807906079,1008,914,94
2807906080,914,764,150
2807906081,2508,2192,316
2807906084,1643,1534,109
2807906085,1616,1270,346
2807906089,1242,1116,126
2807906090,1927,1578,349
2807906091,1474,1163,311
2807906092,1131,943,188
2807906093,1296,942,354
2807906094,1866,1473,393
2807906095,1152,938,214
2807906096,1122,887,235
2807906097,1376,1159,217
2807906098,721,659,62
2807906099,1532,1241,291
2807906101,1211,1026,185
2807906102,1647,1370,277
2807906103,1654,1302,352
2807906104,1249,953,296
2807906105,1896,1481,415
2807906106,1256,970,286
2807906107,1360,1098,262
2807906108,1363,911,452
2807906109,2009,1425,584
2807906110,1398,1089,309
2807906111,1936,1592,344
2807906112,1033,850,183
2807906113,1011,901,110
2807906114,1849,1538,311
2807906115,1059,838,221
2807906116,2135,1662,473
2807906117,2013,1564,449
2807906118,943,697,246
2807906119,932,704,228
2807906120,1397,1043,354
2807906121,1229,997,232
2807906122,1653,1368,285
2807906123,1323,999,324
2807906124,1037,833,204
2807906125,1556,1479,77
2807906126,1372,1023,349
2807906127,1504,1407,97
2807906128,1377,1250,127
2807906129,1840,1533,307
2807907001,1067,930,137
2807907002,864,757,107
2807907003,1227,1005,222
2807907004,910,810,100
2807907005,682,575,107
2807907006,1375,1278,97
2807907007,885,811,74
2807907008,1279,1213,66
2807907009,840,715,125
2807907010,1082,935,147
2807907011,1112,967,145
2807907012,1401,1225,176
2807907013,835,764,71
2807907014,1093,975,118
2807907016,1431,1250,181
2807907017,883,813,70
2807907018,1510,1401,109
2807907019,1157,1063,94
2807907021,1793,1687,106
2807907023,983,922,61
2807907024,683,624,59
2807907025,1188,1043,145
2807907026,1742,1588,154
2807907028,1181,1118,63
2807907030,1120,1020,100
2807907031,762,683,79
2807907032,1330,1153,177
2807907034,1420,1254,166
2807907035,713,648,65
2807907036,1564,1385,179
2807907038,1043,918,125
2807907039,888,775,113
2807907040,1002,875,127
2807907041,1235,1085,150
2807907042,969,933,36
2807907043,1130,1021,109
2807907044,937,881,56
2807907045,951,805,146
2807907046,765,643,122
2807907047,1102,966,136
2807907048,1774,1590,184
2807907049,689,635,54
2807907050,834,719,115
2807907051,763,634,129
2807907052,699,602,97
2807907053,1338,1147,191
2807907055,708,618,90
2807907056,735,673,62
2807907057,1404,1242,162
2807907058,1166,1033,133
2807907059,783,645,138
2807907060,892,775,117
2807907061,1217,1121,96
2807907062,975,874,101
2807907063,1268,1151,117
2807907064,1132,1030,102
2807907065,1326,1116,210
2807907066,1092,930,162
2807907067,1021,910,111
2807907068,1064,956,108
2807907069,974,849,125
2807907070,1229,1060,169
2807907071,1040,934,106
2807907072,1569,1417,152
2807907073,1299,1137,162
2807907075,1040,872,168
2807907076,935,834,101
2807907078,1012,892,120
2807907079,896,786,110
2807907080,1277,1121,156
2807907081,1326,1151,175
2807907082,1112,974,138
2807907083,707,611,96
2807907084,1096,987,109
2807907085,1521,1338,183
2807907086,826,754,72
2807907087,956,844,112
2807907088,1096,993,103
2807907089,1450,1225,225
2807907090,1000,786,214
2807907091,907,810,97
2807907092,1251,1105,146
2807907093,1289,1126,163
2807907094,1562,1410,152
2807907095,1434,1306,128
2807907096,1084,972,112
2807907097,785,666,119
2807907098,913,859,54
2807907099,924,836,88
2807907100,923,794,129
2807907101,1229,1078,151
2807907102,1360,1228,132
2807907103,1545,1349,196
2807907105,1083,985,98
2807907106,1336,1176,160
2807907107,1022,944,78
2807907108,987,887,100
2807907109,1314,1184,130
2807907110,1050,891,159
2807907111,1314,1187,127
2807907112,650,582,68
2807907113,674,604,70
2807907114,1767,1656,111
2807907115,1449,1327,122
2807907116,1071,994,77
2807907117,1334,1130,204
2807907118,1388,1234,154
2807907119,1273,1182,91
2807907120,1133,1086,47
2807907121,1729,1608,121
2807907122,1113,991,122
2807907123,1096,1024,72
2807907124,724,674,50
2807907125,973,932,41
2807907126,998,964,34
2807907127,1418,1356,62
2807907128,754,711,43
2807907129,865,804,61
2807907130,1127,1045,82
2807907131,1234,1167,67
2807907132,1093,1010,83
2807907133,1148,1110,38
2807907134,624,619,5
2807907135,1081,994,87
2807908001,835,820,15
2807908002,735,707,28
2807908003,1112,1064,48
2807908004,714,701,13
2807908005,961,855,106
2807908006,989,949,40
2807908007,1242,1150,92
2807908008,1474,1307,167
2807908009,1651,1504,147
2807908010,864,801,63
2807908011,695,621,74
2807908012,1324,1248,76
2807908013,2504,2393,111
2807908014,751,712,39
2807908015,979,912,67
2807908016,870,753,117
2807908017,1798,1668,130
2807908018,823,729,94
2807908019,856,751,105
2807908020,839,736,103
2807908021,1017,904,113
2807908022,969,888,81
2807908023,1014,899,115
2807908024,1933,1826,107
2807908025,819,764,55
2807908026,1422,1288,134
2807908027,1365,1232,133
2807908028,1201,1093,108
2807908029,1457,1397,60
2807908030,1515,1459,56
2807908031,1479,1437,42
2807908032,696,632,64
2807908033,1085,1056,29
2807908034,1663,1625,38
2807908035,1429,1367,62
2807908036,1595,1521,74
2807908037,821,811,10
2807908038,825,796,29
2807908039,1055,1006,49
2807908040,1093,1053,40
2807908041,714,684,30
2807908042,1407,1344,63
2807908043,1387,1357,30
2807908044,1613,1564,49
2807908045,920,861,59
2807908046,1122,991,131
2807908047,1324,1173,151
2807908048,1077,964,113
2807908049,2318,2208,110
2807908050,1884,1749,135
2807908051,1338,1290,48
2807908052,1898,1750,148
2807908053,1163,985,178
2807908054,1132,1086,46
2807908055,1503,1447,56
2807908056,1198,1144,54
2807908057,1084,1040,44
2807908058,891,839,52
2807908059,872,833,39
2807908060,1333,1274,59
2807908061,950,850,100
2807908062,673,613,60
2807908063,836,736,100
2807908064,1205,1042,163
2807908065,956,833,123
2807908066,780,669,111
2807908067,1419,1235,184
2807908068,1007,875,132
2807908069,881,753,128
2807908071,965,873,92
2807908072,956,835,121
2807908073,870,770,100
2807908074,960,838,122
2807908075,909,765,144
2807908076,853,732,121
2807908077,990,859,131
2807908078,814,720,94
2807908079,999,891,108
2807908080,887,780,107
2807908081,937,857,80
2807908082,967,847,120
2807908083,1021,877,144
2807908084,929,776,153
2807908085,835,729,106
2807908086,791,724,67
2807908087,804,634,170
2807908088,866,730,136
2807908089,712,632,80
2807908090,1198,1145,53
2807908091,830,714,116
2807908092,979,877,102
2807908093,991,907,84
2807908094,1170,1067,103
2807908095,1650,1579,71
2807908096,1522,1479,43
2807908097,828,808,20
2807908098,1823,1778,45
2807908099,1557,1473,84
2807908100,1396,1355,41
2807908102,2075,1989,86
2807908103,1375,1285,90
2807908104,1133,967,166
2807908105,805,624,181
2807908106,951,759,192
2807908107,765,625,140
2807908108,753,636,117
2807908109,1230,1033,197
2807908110,1094,990,104
2807908111,1596,1423,173
2807908112,1111,1014,97
2807908113,909,810,99
2807908114,957,791,166
2807908115,1049,897,152
2807908116,786,685,101
2807908117,906,769,137
2807908119,1633,1394,239
2807908120,1032,880,152
2807908121,1462,1390,72
2807908122,867,796,71
2807908123,1350,1129,221
2807908124,1670,1427,243
2807908125,1167,997,170
2807908126,1463,1289,174
2807908128,3157,2907,250
2807908129,1039,950,89
2807908130,736,673,63
2807908131,3435,3251,184
2807908132,960,878,82
2807908133,792,770,22
2807908134,1414,1270,144
2807908135,2573,2442,131
2807908136,1337,1268,69
2807908137,1717,1592,125
2807908138,1187,1072,115
2807908139,2508,2416,92
2807908140,862,829,33
2807908141,1053,1029,24
2807908142,1254,1211,43
2807908143,1240,1190,50
2807908144,1588,1538,50
2807908145,1329,1272,57
2807908146,1526,1492,34
2807908147,1606,1539,67
2807908148,1993,1928,65
2807908149,755,717,38
2807908150,1359,1254,105
2807908151,921,885,36
2807908152,1640,1584,56
2807908153,1618,1543,75
2807908154,1758,1688,70
2807908155,1600,1565,35
2807908156,1418,1377,41
2807908157,794,697,97
2807908158,1557,1486,71
2807908159,2022,1914,108
2807908160,3691,3427,264
2807908161,4087,3570,517
2807908162,1483,1398,85
2807908163,1913,1863,50
2807908164,2720,2598,122
2807908165,1750,1679,71
2807908166,1165,1061,104
2807908167,3476,3235,241
2807908168,3140,2983,157
2807908169,2752,2640,112
2807908170,2735,2579,156
2807908171,3293,3137,156
2807908172,2141,1944,197
2807908173,3455,3295,160
2807908174,1875,1667,208
2807908175,1058,1009,49
2807908176,2869,2734,135
2807908177,1345,1321,24
2807908178,2063,1971,92
2807908179,1413,1313,100
2807908180,1040,1000,40
2807909001,1178,1089,89
2807909002,1194,1099,95
2807909004,1503,1352,151
2807909005,856,805,51
2807909006,750,716,34
2807909007,964,899,65
2807909008,1188,1136,52
2807909009,1010,932,78
2807909010,2460,2229,231
2807909011,1344,1148,196
2807909012,690,613,77
2807909013,1257,1034,223
2807909014,1899,1612,287
2807909015,1576,1398,178
2807909016,904,765,139
2807909017,1177,1031,146
2807909018,1349,1222,127
2807909019,1458,1380,78
2807909020,915,840,75
2807909021,1027,959,68
2807909022,1132,1003,129
2807909023,1771,1418,353
2807909024,685,617,68
2807909025,935,824,111
2807909026,1291,1056,235
2807909028,1613,1438,175
2807909029,1010,952,58
2807909030,1257,1151,106
2807909031,628,592,36
2807909033,1490,1111,379
2807909034,1559,1454,105
2807909035,818,780,38
2807909036,1046,952,94
2807909037,2250,2090,160
2807909038,1232,1167,65
2807909039,1113,1033,80
2807909040,888,817,71
2807909041,1641,1427,214
2807909043,1831,1632,199
2807909044,1120,1061,59
2807909045,1061,1000,61
2807909046,1604,1495,109
2807909047,1352,1236,116
2807909049,1093,1014,79
2807909050,864,771,93
2807909051,1341,1235,106
2807909052,1955,1825,130
2807909053,885,835,50
2807909054,1266,1114,152
2807909055,1733,1578,155
2807909056,2082,1925,157
2807909057,886,762,124
2807909058,906,774,132
2807909060,1509,1320,189
2807909061,934,786,148
2807909063,1341,1179,162
2807909064,1499,1273,226
2807909065,1190,1000,190
2807909066,800,703,97
2807909067,813,685,128
2807909068,940,844,96
2807909069,818,680,138
2807909070,742,713,29
2807909071,2917,2655,262
2807909072,2723,2518,205
2807909073,2145,1930,215
2807909074,1536,1282,254
2807909075,2350,2041,309
2807909076,1055,785,270
2807909077,1098,924,174
2807909078,2118,1896,222
2807909079,2045,1974,71
2807909080,2804,2662,142
2807909081,862,819,43
2807909082,841,765,76
2807909083,2966,2812,154
2807909084,870,773,97
2807909085,1584,1482,102
2807909086,1712,1520,192
2807909087,2098,1906,192
2807909088,2294,2132,162
2807909089,1599,1484,115
2807909090,1863,1727,136
2807909091,1781,1635,146
2807910001,1041,873,168
2807910002,952,861,91
2807910003,881,817,64
2807910004,772,684,88
2807910005,1245,1094,151
2807910006,2447,2144,303
2807910007,1249,960,289
2807910008,981,742,239
2807910009,1128,885,243
2807910010,858,730,128
2807910011,723,655,68
2807910012,936,855,81
2807910013,721,663,58
2807910014,835,806,29
2807910015,1240,1075,165
2807910016,1246,1096,150
2807910017,911,803,108
2807910018,811,636,175
2807910020,856,738,118
2807910021,1275,1057,218
2807910022,1021,757,264
2807910023,826,680,146
2807910024,1217,931,286
2807910025,1170,969,201
2807910026,918,811,107
2807910027,1189,990,199
2807910028,1225,957,268
2807910029,1390,1116,274
2807910030,1322,1060,262
2807910031,792,659,133
2807910032,1363,1114,249
2807910033,956,806,150
2807910034,768,583,185
2807910035,986,839,147
2807910036,1459,1252,207
2807910037,1621,1288,333
2807910038,810,654,156
2807910039,1180,998,182
2807910040,919,729,190
2807910041,1448,1158,290
2807910042,1319,1107,212
2807910043,1445,1205,240
2807910044,856,729,127
2807910046,1259,1098,161
2807910047,966,720,246
2807910048,1232,919,313
2807910049,1205,975,230
2807910050,1401,1107,294
2807910051,1025,804,221
2807910052,1145,919,226
2807910053,1139,882,257
2807910054,1296,1194,102
2807910055,1212,1044,168
2807910056,1107,851,256
2807910057,1526,1234,292
2807910058,1082,845,237
2807910059,1237,984,253
2807910060,1981,1817,164
2807910061,1548,1276,272
2807910062,876,707,169
2807910063,1547,1285,262
2807910065,842,703,139
2807910067,904,800,104
2807910068,819,693,126
2807910069,1353,1110,243
2807910070,1112,914,198
2807910072,2032,1840,192
2807910073,1195,943,252
2807910074,820,706,114
2807910075,882,745,137
2807910076,934,822,112
2807910077,764,655,109
2807910078,1061,941,120
2807910081,628,587,41
2807910082,884,738,146
2807910083,738,604,134
2807910084,2014,1492,522
2807910086,1487,1166,321
2807910087,1004,980,24
2807910088,1166,1018,148
2807910089,1037,882,155
2807910090,875,807,68
2807910091,959,928,31
2807910092,839,734,105
2807910093,859,731,128
2807910094,1116,845,271
2807910095,1217,977,240
2807910096,1452,1091,361
2807910098,1091,953,138
2807910099,1113,1002,111
2807910100,966,845,121
2807910101,1083,973,110
2807910102,682,623,59
2807910103,1100,935,165
2807910104,599,556,43
2807910106,1446,1328,118
2807910107,1085,1007,78
2807910108,797,717,80
2807910109,1405,1297,108
2807910110,862,672,190
2807910111,764,592,172
2807910112,1022,732,290
2807910113,916,713,203
2807910114,1041,811,230
2807910115,1166,883,283
2807910116,1401,1285,116
2807910117,1229,1143,86
2807910118,1122,1036,86
2807910119,1570,1517,53
2807910120,1187,1042,145
2807910121,1171,1028,143
2807910122,1127,999,128
2807910123,919,817,102
2807910124,1438,1140,298
2807910125,739,648,91
2807910126,1287,1066,221
2807910127,936,801,135
2807910128,1313,1185,128
2807910129,637,591,46
2807910130,1610,1422,188
2807910131,1115,950,165
2807910132,821,708,113
2807910133,1671,1490,181
2807910134,643,584,59
2807910135,776,695,81
2807910136,1159,972,187
2807910137,965,761,204
2807910138,743,682,61
2807910139,1106,919,187
2807910140,842,752,90
2807910142,1695,1374,321
2807910143,1263,1086,177
2807910144,1325,943,382
2807910145,1541,1181,360
2807910146,1222,980,242
2807910147,1474,1099,375
2807910148,1438,1072,366
2807910149,1007,701,306
2807910150,862,650,212
2807910151,1787,1433,354
2807910152,773,733,40
2807910153,2483,2216,267
2807910154,801,705,96
2807910156,897,876,21
2807910157,747,743,4
2807910158,1233,1205,28
2807910159,1190,1171,19
2807910161,1641,1451,190
2807910162,912,775,137
2807910163,756,638,118
2807910164,1393,1132,261
2807910165,1158,1037,121
2807910167,2253,2129,124
2807910168,1306,1089,217
2807910169,776,685,91
2807910170,1178,1038,140
2807910171,1107,1036,71
2807910172,735,665,70
2807910173,1592,1446,146
2807910174,944,860,84
2807910175,864,779,85
2807910176,1248,1119,129
2807910178,1054,987,67
2807910179,1127,1018,109
2807910180,1254,1128,126
2807910181,1175,1078,97
2807910182,1106,963,143
2807910183,991,897,94
2807910184,953,871,82
2807910185,773,674,99
2807910187,1266,1129,137
2807910188,981,887,94
2807910189,1481,1319,162
2807910190,1080,923,157
2807910191,1602,1378,224
2807910192,1685,1595,90
2807910193,762,729,33
2807910194,937,852,85
2807910196,683,574,109
2807910197,1310,1193,117
2807910198,1307,1201,106
2807910199,1612,1455,157
2807910201,1063,991,72
2807910202,735,679,56
2807910203,1516,1361,155
2807910204,861,748,113
2807910205,1430,1359,71
2807910206,1302,1171,131
2807910207,1424,1338,86
2807910209,1291,1122,169
2807910210,1168,1111,57
2807910211,994,921,73
2807910212,979,944,35
2807910213,2296,2213,83
2807910214,1895,1817,78
2807910215,1482,1418,64
2807910216,2846,2693,153
2807910217,929,835,94
2807910218,1171,1151,20
2807910219,1427,1384,43
2807910220,2611,2461,150
2807911001,1199,970,229
2807911002,1621,1394,227
2807911003,1723,1573,150
2807911004,1496,1363,133
2807911005,1123,967,156
2807911006,1240,1079,161
2807911007,2000,1580,420
2807911010,832,732,100
2807911011,795,702,93
2807911012,1981,1564,417
2807911013,1496,1171,325
2807911015,1531,1215,316
2807911016,1080,883,197
2807911017,1154,984,170
2807911018,807,702,105
2807911019,690,570,120
2807911021,1342,1082,260
2807911022,1511,1318,193
2807911023,1310,1008,302
2807911024,1353,1104,249
2807911025,1336,1118,218
2807911026,2125,1697,428
2807911028,1002,881,121
2807911029,864,761,103
2807911030,819,701,118
2807911031,967,891,76
2807911032,1387,1091,296
2807911033,1691,1162,529
2807911034,1012,772,240
2807911035,1080,825,255
2807911036,1246,885,361
2807911037,1300,987,313
2807911038,1065,851,214
2807911039,1872,1589,283
2807911040,906,674,232
2807911041,1427,988,439
2807911042,1215,946,269
2807911043,1098,897,201
2807911044,1806,1695,111
2807911045,781,687,94
2807911046,812,671,141
2807911047,1284,1001,283
2807911048,1530,1382,148
2807911049,1917,1637,280
2807911050,1178,1045,133
2807911051,1405,1244,161
2807911054,1194,1073,121
2807911055,1369,1050,319
2807911056,1069,813,256
2807911057,1026,829,197
2807911058,778,628,150
2807911059,1253,959,294
2807911060,1196,1131,65
2807911061,966,731,235
2807911062,1490,1114,376
2807911063,2106,1686,420
2807911065,1580,1430,150
2807911066,687,641,46
2807911067,2927,2438,489
2807911068,1305,963,342
2807911069,2134,1658,476
2807911070,1997,1626,371
2807911071,1711,1443,268
2807911072,1481,1123,358
2807911073,1328,945,383
2807911074,894,638,256
2807911075,810,701,109
2807911078,1518,1101,417
2807911079,954,733,221
2807911080,1797,1327,470
2807911081,1768,1339,429
2807911082,1168,823,345
2807911083,846,614,232
2807911084,839,589,250
2807911085,1288,1011,277
2807911086,1048,794,254
2807911087,1495,1127,368
2807911088,1634,1292,342
2807911089,1902,1459,443
2807911091,1403,1104,299
2807911092,1139,909,230
2807911093,1202,1113,89
2807911094,1416,1351,65
2807911095,1206,1124,82
2807911096,879,816,63
2807911097,1131,996,135
2807911098,1401,1273,128
2807911099,990,913,77
2807911100,1919,1718,201
2807911101,1613,1397,216
2807911102,1348,1137,211
2807911103,1590,1315,275
2807911104,1083,898,185
2807911105,856,649,207
2807911106,869,718,151
2807911107,1174,947,227
2807911108,1206,901,305
2807911109,1284,923,361
2807911110,1115,860,255
2807911111,1091,802,289
2807911112,1240,999,241
2807911113,1540,1082,458
2807911114,1253,995,258
2807911115,1871,1421,450
2807911116,833,630,203
2807911117,1678,1267,411
2807911118,1124,872,252
2807911119,1274,905,369
2807911120,1116,861,255
2807911121,1331,1034,297
2807911122,1086,745,341
2807911123,944,897,47
2807911124,1591,1360,231
2807911125,1514,1317,197
2807911126,2805,2436,369
2807911128,1145,940,205
2807911129,982,886,96
2807911130,1654,1360,294
2807911131,963,739,224
2807911132,857,623,234
2807911133,997,874,123
2807911134,781,637,144
2807911135,941,800,141
2807911136,1191,1013,178
2807911137,2096,1874,222
2807911138,1070,859,211
2807911139,1435,1178,257
2807911140,1643,1185,458
2807911141,1192,982,210
2807911142,716,612,104
2807911143,1253,1063,190
2807911145,1196,1031,165
2807911146,1402,1168,234
2807911147,1498,1351,147
2807911148,2229,1990,239
2807911149,902,773,129
2807911150,1158,1008,150
2807911151,1030,893,137
2807911152,2107,1835,272
2807911153,1556,1223,333
2807911154,1208,939,269
2807911155,2389,2149,240
2807911156,2662,2455,207
2807911157,1111,1000,111
2807911158,1260,1091,169
2807911159,654,554,100
2807911160,821,662,159
2807911161,1261,908,353
2807911162,752,646,106
2807911163,1387,1214,173
2807911165,1672,1410,262
2807911167,1061,843,218
2807911168,1051,861,190
2807911169,2526,1849,677
2807911170,946,720,226
2807911171,928,707,221
2807911173,1205,922,283
2807911174,780,654,126
2807911175,1548,1204,344
2807911176,1084,909,175
2807911177,2131,1817,314
2807911178,828,663,165
2807911179,944,822,122
2807911180,1381,1274,107
2807911181,976,880,96
2807911182,2745,2520,225
2807911183,2512,2342,170
2807911184,1085,1038,47
2807911185,1445,1321,124
2807911186,1764,1665,99
2807911187,2919,2738,181
2807911188,1912,1844,68
2807911189,2349,2221,128
2807911190,3136,2996,140
2807911191,2213,2138,75
2807911192,2938,2747,191
2807911193,1373,1140,233
2807911194,1135,1078,57
2807912001,631,603,28
2807912002,744,719,25
2807912003,1181,1117,64
2807912005,980,936,44
2807912006,724,692,32
2807912007,1356,1257,99
2807912008,1187,1088,99
2807912009,1093,1027,66
2807912010,921,852,69
2807912011,943,886,57
2807912012,970,916,54
2807912013,979,900,79
2807912014,1109,1044,65
2807912015,1123,1048,75
2807912016,1681,1550,131
2807912018,1781,1650,131
2807912019,1185,1073,112
2807912020,1239,1139,100
2807912021,672,566,106
2807912022,812,680,132
2807912023,1468,1261,207
2807912024,2116,1908,208
2807912027,1701,1455,246
2807912028,877,699,178
2807912029,1300,937,363
2807912030,1241,959,282
2807912031,819,624,195
2807912032,2650,2309,341
2807912033,1247,1065,182
2807912034,1416,1250,166
2807912036,645,572,73
2807912037,1327,1231,96
2807912039,1012,819,193
2807912041,1523,1211,312
2807912042,1166,859,307
2807912043,1343,1076,267
2807912044,1557,1097,460
2807912045,1739,1091,648
2807912046,1707,1058,649
2807912047,1157,685,472
2807912048,1533,1096,437
2807912049,1682,1223,459
2807912050,1350,993,357
2807912051,1271,1052,219
2807912052,1191,1051,140
2807912053,1965,1834,131
2807912054,1314,1148,166
2807912055,1834,1270,564
2807912056,1740,1125,615
2807912057,1446,886,560
2807912059,1734,1450,284
2807912061,2215,1790,425
2807912062,1359,1107,252
2807912064,1303,1075,228
2807912065,1258,863,395
2807912066,1501,829,672
2807912067,1997,1254,743
2807912069,1249,904,345
2807912070,1093,946,147
2807912071,1636,1317,319
2807912073,903,686,217
2807912074,860,651,209
2807912075,1574,1153,421
2807912077,1502,1338,164
2807912078,1365,1045,320
2807912079,1079,845,234
2807912080,1483,1036,447
2807912081,1278,1000,278
2807912082,1001,708,293
2807912083,1251,923,328
2807912084,1061,849,212
2807912086,1083,985,98
2807912087,1784,1493,291
2807912088,1909,1186,723
2807912089,1193,815,378
2807912090,1167,862,305
2807912091,1797,1363,434
2807912092,1389,981,408
2807912093,1934,1287,647
2807912094,2007,1304,703
2807912096,1451,820,631
2807912097,1154,736,418
2807912098,1855,1773,82
2807912099,1173,1118,55
2807912100,1591,1416,175
2807912101,1833,1721,112
2807912102,2532,2347,185
2807912103,2478,2128,350
2807912104,1807,1465,342
2807912105,1681,1370,311
2807912106,2417,2195,222
2807912107,2379,2051,328
2807912108,2890,2397,493
2807912109,2168,1729,439
2807913002,1199,1147,52
2807913003,755,710,45
2807913004,700,663,37
2807913005,851,775,76
2807913006,903,855,48
2807913007,1019,957,62
2807913008,1461,1256,205
2807913010,1094,959,135
2807913011,841,773,68
2807913012,1196,1085,111
2807913013,1311,1169,142
2807913014,1231,1093,138
2807913016,1159,974,185
2807913017,953,849,104
2807913018,935,809,126
2807913019,741,658,83
2807913021,983,894,89
2807913022,935,825,110
2807913023,840,749,91
2807913024,866,721,145
2807913026,879,810,69
2807913027,746,662,84
2807913028,808,722,86
2807913029,1190,1087,103
2807913030,1804,1567,237
2807913031,1159,843,316
2807913032,1886,1533,353
2807913033,1275,997,278
2807913034,1202,952,250
2807913035,2618,2295,323
2807913036,1023,830,193
2807913037,1287,991,296
2807913038,924,719,205
2807913039,997,756,241
2807913040,1379,1030,349
2807913041,1778,1266,512
2807913042,1469,967,502
2807913043,1442,914,528
2807913044,2026,1352,674
2807913045,1342,943,399
2807913046,1759,1311,448
2807913047,1452,1214,238
2807913048,1280,974,306
2807913049,1927,1566,361
2807913050,1117,809,308
2807913052,1038,729,309
2807913053,1366,938,428
2807913054,1832,1359,473
2807913055,1262,1011,251
2807913056,1221,991,230
2807913057,1512,1163,349
2807913058,1035,813,222
2807913059,1104,833,271
2807913060,1161,917,244
2807913061,970,708,262
2807913062,1098,844,254
2807913063,877,682,195
2807913064,792,577,215
2807913065,923,716,207
2807913066,1022,787,235
2807913069,834,677,157
2807913074,2112,1977,135
2807913077,1430,1316,114
2807913078,1732,1523,209
2807913079,1528,1173,355
2807913080,1450,1049,401
2807913083,1792,1267,525
2807913084,906,656,250
2807913086,1286,1018,268
2807913087,742,622,120
2807913088,960,862,98
2807913089,773,622,151
2807913090,841,674,167
2807913091,1093,942,151
2807913092,2115,1906,209
2807913094,2036,1859,177
2807913103,805,745,60
2807913104,1708,1550,158
2807913108,1818,1627,191
2807913109,2168,2014,154
2807913110,807,723,84
2807913111,845,796,49
2807913112,1314,1217,97
2807913114,700,608,92
2807913115,1584,1415,169
2807913116,772,697,75
2807913117,805,730,75
2807913118,799,781,18
2807913119,1294,1090,204
2807913120,1236,1138,98
2807913121,994,733,261
2807913122,818,736,82
2807913123,1252,1179,73
2807913124,1369,1167,202
2807913125,1177,982,195
2807913126,787,625,162
2807913127,2508,2342,166
2807913128,1337,1237,100
2807913129,827,742,85
2807913131,731,656,75
2807913132,1166,1066,100
2807913133,979,918,61
2807913134,1070,991,79
2807913135,859,801,58
2807913136,1130,1081,49
2807913137,1724,1584,140
2807913138,909,822,87
2807913139,1049,901,148
2807913140,1505,1323,182
2807913142,1441,1259,182
2807913143,758,652,106
2807913144,1423,1227,196
2807913145,920,771,149
2807913146,1064,898,166
2807913147,1324,1069,255
2807913148,1196,989,207
2807913150,1409,1269,140
2807913153,1482,1275,207
2807913154,1195,1038,157
2807913155,2042,1736,306
2807913156,843,742,101
2807913157,1234,990,244
2807913158,1989,1726,263
2807913160,1734,1651,83
2807913161,1087,1026,61
2807913162,731,686,45
2807913163,910,834,76
2807913164,834,768,66
2807913166,1876,1506,370
2807913168,2331,1723,608
2807913169,1339,1043,296
2807913170,1023,779,244
2807913171,1040,816,224
2807913172,1120,844,276
2807913173,1043,797,246
2807913174,1439,1148,291
2807913175,1324,1030,294
2807913176,1068,830,238
2807913177,1106,911,195
2807913178,1213,1145,68
2807913179,656,612,44
2807913180,1009,939,70
2807913181,1183,1122,61
2807913182,1154,1068,86
2807913183,1259,1162,97
2807913184,1648,1470,178
2807913185,1551,1246,305
2807913186,2046,1729,317
2807913187,1742,1390,352
2807913189,1122,879,243
2807913190,2994,2320,674
2807913191,1975,1741,234
2807913192,1347,1014,333
2807913193,1342,1066,276
2807913194,1504,1076,428
2807913195,1008,838,170
2807913196,1243,890,353
2807913197,1542,1132,410
2807913198,1293,1201,92
2807913199,1664,1554,110
2807913200,1460,1375,85
2807913201,1057,995,62
2807913202,1658,1512,146
2807913203,1531,1465,66
2807913204,1490,1424,66
2807913205,1231,1200,31
2807913206,2457,2154,303
2807913207,2218,2088,130
2807913208,1794,1715,79
2807913209,1547,1481,66
2807913210,2495,2309,186
2807913211,1099,1007,92
2807913212,938,848,90
2807913213,1274,1190,84
2807913214,1296,1160,136
2807913215,1075,873,202
2807913216,1849,1660,189
2807914001,615,569,46
2807914002,1320,1209,111
2807914003,644,574,70
2807914004,1261,1173,88
2807914005,702,655,47
2807914006,638,608,30
2807914010,1287,1248,39
2807914012,1430,1282,148
2807914013,995,957,38
2807914014,665,637,28
2807914015,867,823,44
2807914016,738,687,51
2807914017,789,740,49
2807914018,1121,1066,55
2807914019,606,580,26
2807914020,903,859,44
2807914021,915,862,53
2807914022,878,828,50
2807914023,575,557,18
2807914024,870,836,34
2807914025,1123,1027,96
2807914026,885,764,121
2807914027,1128,995,133
2807914028,966,844,122
2807914029,922,837,85
2807914030,1711,1611,100
2807914031,894,858,36
2807914032,1008,966,42
2807914033,737,658,79
2807914034,882,837,45
2807914035,706,606,100
2807914036,1039,905,134
2807914037,958,837,121
2807914038,771,634,137
2807914039,1079,972,107
2807914040,1846,1736,110
2807914041,913,889,24
2807914042,1142,1092,50
2807914043,781,752,29
2807914044,951,857,94
2807914045,944,830,114
2807914046,1086,953,133
2807914047,1103,914,189
2807914048,1090,953,137
2807914049,1141,1001,140
2807914050,1070,938,132
2807914051,959,864,95
2807914052,899,801,98
2807914053,843,706,137
2807914054,1036,937,99
2807914055,862,793,69
2807914056,763,669,94
2807914057,978,856,122
2807914058,875,777,98
2807914059,1323,1161,162
2807914060,729,674,55
2807914061,1301,1233,68
2807914062,1008,907,101
2807914063,927,862,65
2807914064,1136,1017,119
2807914065,918,841,77
2807914066,717,607,110
2807914067,1043,917,126
2807914068,729,625,104
2807914069,674,615,59
2807914070,907,798,109
2807914071,958,833,125
2807914072,913,822,91
2807914073,1021,918,103
2807914074,670,607,63
2807914075,845,757,88
2807914076,850,783,67
2807914077,773,712,61
2807914078,650,582,68
2807914079,1448,1132,316
2807914080,1268,1239,29
2807914081,2506,2465,41
2807914082,1345,1231,114
2807914083,1693,1537,156
2807914084,1092,1035,57
2807914085,2349,2301,48
2807914086,2153,2085,68
2807914087,1420,1391,29
2807914088,1118,1067,51
2807914089,1529,1429,100
2807914090,1472,1409,63
2807914091,1967,1926,41
2807914092,1372,1295,77
2807914093,1467,1430,37
2807915001,975,893,82
2807915002,944,813,131
2807915003,954,849,105
2807915005,839,745,94
2807915006,1238,1124,114
2807915008,1882,1712,170
2807915009,1314,1064,250
2807915010,865,723,142
2807915011,1324,1124,200
2807915012,878,799,79
2807915013,979,863,116
2807915014,1260,1023,237
2807915015,750,636,114
2807915016,1198,975,223
2807915017,849,722,127
2807915018,864,729,135
2807915019,860,717,143
2807915020,1049,838,211
2807915021,750,610,140
2807915022,1191,979,212
2807915023,1528,1304,224
2807915024,1085,952,133
2807915025,1296,1160,136
2807915026,935,759,176
2807915027,915,802,113
2807915028,888,800,88
2807915029,1103,997,106
2807915030,1194,1093,101
2807915031,1098,994,104
2807915032,1155,1046,109
2807915033,1372,1106,266
2807915034,900,728,172
2807915035,1168,1035,133
2807915036,890,747,143
2807915037,1237,1019,218
2807915038,1705,1447,258
2807915039,1618,1319,299
2807915040,1529,1203,326
2807915041,1628,1324,304
2807915042,1758,1580,178
2807915043,1372,1122,250
2807915044,1376,1173,203
2807915045,1200,1015,185
2807915046,1446,1206,240
2807915047,987,785,202
2807915048,1320,1071,249
2807915049,1369,1078,291
2807915050,1310,1052,258
2807915051,1691,1441,250
2807915052,746,619,127
2807915053,1515,1227,288
2807915054,1545,1242,303
2807915056,1559,1254,305
2807915057,1374,1160,214
2807915058,1208,953,255
2807915059,940,739,201
2807915060,1193,945,248
2807915061,1426,1209,217
2807915062,2461,2131,330
2807915065,1473,1391,82
2807915066,677,634,43
2807915067,974,914,60
2807915068,1215,1179,36
2807915069,1947,1880,67
2807915070,2275,2113,162
2807915071,1281,1133,148
2807915073,1189,996,193
2807915074,1804,1506,298
2807915075,1493,1296,197
2807915076,963,844,119
2807915077,1043,914,129
2807915078,823,684,139
2807915079,722,638,84
2807915080,794,676,118
2807915081,1717,1324,393
2807915082,1235,1064,171
2807915083,1469,1107,362
2807915084,1079,826,253
2807915085,1448,1156,292
2807915086,994,832,162
2807915087,1200,891,309
2807915088,1164,902,262
2807915089,1200,990,210
2807915090,1852,1709,143
2807915092,1634,1458,176
2807915093,1335,1128,207
2807915094,1371,1202,169
2807915095,859,723,136
2807915096,1256,1091,165
2807915097,947,740,207
2807915098,1045,825,220
2807915099,1538,1147,391
2807915100,797,638,159
2807915101,1044,853,191
2807915102,1010,835,175
2807915103,1186,981,205
2807915104,693,609,84
2807915105,1396,1176,220
2807915106,1275,1057,218
2807915108,904,774,130
2807915109,1407,1200,207
2807915110,955,784,171
2807915111,821,709,112
2807915112,1393,1141,252
2807915113,1314,1102,212
2807915114,836,713,123
2807915115,1825,1603,222
2807915116,1117,963,154
2807915117,1394,1102,292
2807915118,943,809,134
2807915119,1122,913,209
2807915120,907,708,199
2807915121,705,634,71
2807915122,1112,974,138
2807915123,1138,1035,103
2807915124,959,845,114
2807915125,860,786,74
2807915126,1187,1036,151
2807915127,1572,1433,139
2807915128,2125,1937,188
2807915129,860,798,62
2807915130,965,870,95
2807915131,919,831,88
2807915132,1311,1225,86
2807915133,1531,1427,104
2807915134,1096,998,98
2807915135,2159,1996,163
2807915136,961,836,125
2807915138,1243,1041,202
2807915139,658,570,88
2807915140,688,621,67
2807915141,1122,1041,81
2807915142,1153,1115,38
2807915143,1939,1773,166
2807915144,1779,1705,74
2807915145,679,645,34
2807915146,1020,990,30
2807915147,765,738,27
2807915148,974,894,80
2807915149,1445,1324,121
2807915150,1724,1471,253
2807915151,1620,1431,189
2807915153,700,688,12
2807915154,1031,957,74
2807915155,1478,1350,128
2807915156,1327,1205,122
2807915157,979,841,138
2807915158,1307,1179,128
2807915159,1560,1402,158
2807915160,1963,1800,163
2807915161,2194,2086,108
2807915162,1861,1773,88
2807915163,1244,1190,54
2807915164,1086,1033,53
2807915165,1023,987,36
2807915166,869,838,31
2807915167,1034,995,39
2807915168,1637,1581,56
2807915170,2162,2072,90
2807915171,1265,1174,91
2807915172,1074,1046,28
2807915173,1915,1851,64
2807915174,1391,1264,127
2807915175,1092,1010,82
2807915176,1843,1720,123
2807915177,1181,1134,47
2807915178,1295,1225,70
2807915179,1382,1322,60
2807915180,2123,2024,99
2807915181,1203,1159,44
2807915182,762,735,27
2807916001,1883,1707,176
2807916002,1844,1653,191
2807916003,2129,1909,220
2807916004,2261,1770,491
2807916005,1927,1690,237
2807916006,1887,1622,265
2807916007,2166,1997,169
2807916008,986,932,54
2807916009,1027,864,163
2807916011,1267,1126,141
2807916012,719,652,67
2807916013,1073,1028,45
2807916014,827,782,45
2807916015,1234,1113,121
2807916016,1014,935,79
2807916017,1047,980,67
2807916018,811,759,52
2807916019,914,860,54
2807916020,1207,1134,73
2807916021,1162,1122,40
2807916022,1370,1278,92
2807916024,2256,2061,195
2807916025,2206,1979,227
2807916026,765,673,92
2807916027,744,675,69
2807916028,962,929,33
2807916029,1244,1150,94
2807916030,1846,1710,136
2807916031,1329,1298,31
2807916032,1613,1530,83
2807916033,1570,1370,200
2807916034,1847,1612,235
2807916035,1608,1457,151
2807916036,2616,2417,199
2807916037,987,872,115
2807916038,1267,1107,160
2807916039,1026,878,148
2807916040,1099,923,176
2807916041,695,578,117
2807916042,795,710,85
2807916043,898,791,107
2807916044,1106,987,119
2807916045,1645,1551,94
2807916046,1791,1666,125
2807916047,616,579,37
2807916048,2176,2056,120
2807916049,1221,1182,39
2807916050,1509,1411,98
2807916051,973,854,119
2807916052,1129,1011,118
2807916053,914,823,91
2807916054,783,723,60
2807916055,762,699,63
2807916056,704,615,89
2807916057,977,896,81
2807916058,1410,1228,182
2807916059,1847,1708,139
2807916060,1544,1446,98
2807916061,1398,1324,74
2807916062,589,562,27
2807916063,1039,969,70
2807916064,1181,1090,91
2807916065,894,784,110
2807916066,955,838,117
2807916067,1686,1503,183
2807916069,1191,1093,98
2807916070,1832,1730,102
2807916071,1168,1109,59
2807916072,801,782,19
2807916073,1459,1257,202
2807916074,1109,988,121
2807916075,1164,1028,136
2807916076,1235,1077,158
2807916077,1356,1171,185
2807916078,883,761,122
2807916079,2244,2129,115
2807916080,861,808,53
2807916081,1084,993,91
2807916082,834,754,80
2807916083,2188,2008,180
2807916085,1324,1227,97
2807916086,2124,1981,143
2807916087,851,742,109
2807916088,1413,1300,113
2807916089,789,756,33
2807916090,1441,1357,84
2807916091,2533,2151,382
2807916092,1213,1128,85
2807916093,1072,1009,63
2807916096,1480,1402,78
2807916097,1533,1417,116
2807916098,1495,1417,78
2807916099,1726,1634,92
2807916100,1047,1010,37
2807916101,1257,1233,24
2807916102,2388,1982,406
2807916103,1934,1614,320
2807916104,2099,2021,78
2807916105,1323,1233,90
2807916106,1828,1596,232
2807916107,3175,2943,232
2807916108,3568,3251,317
2807916109,2468,2295,173
2807916110,2515,2370,145
2807916111,3034,2855,179
2807916112,1539,1469,70
2807916113,1712,1442,270
2807916114,2855,2579,276
2807916115,1760,1562,198
2807916116,1588,1416,172
2807916117,2473,2352,121
2807916118,2555,2394,161
2807916119,1772,1576,196
2807916120,1865,1768,97
2807916121,1630,1501,129
2807916122,1739,1550,189
2807916123,1692,1544,148
2807916124,5185,4751,434
2807916125,2019,1762,257
2807917002,1300,1031,269
2807917003,1291,1027,264
2807917004,2213,1653,560
2807917006,1518,1244,274
2807917007,894,697,197
2807917008,1445,1125,320
2807917009,949,731,218
2807917010,1226,958,268
2807917011,1243,972,271
2807917012,1483,1193,290
2807917013,871,693,178
2807917014,1087,868,219
2807917015,1339,1035,304
2807917016,881,722,159
2807917017,1135,977,158
2807917018,1017,764,253
2807917019,874,690,184
2807917020,837,753,84
2807917021,1129,1060,69
2807917022,1009,887,122
2807917023,1921,1631,290
2807917024,1825,1380,445
2807917025,801,642,159
2807917026,1280,1046,234
2807917027,1951,1718,233
2807917028,1197,973,224
2807917029,1518,1305,213
2807917031,1148,846,302
2807917032,1973,1355,618
2807917033,1339,879,460
2807917035,1203,891,312
2807917036,903,665,238
2807917037,1081,750,331
2807917038,1304,983,321
2807917039,1696,1305,391
2807917041,1128,804,324
2807917042,1483,1012,471
2807917043,1936,1360,576
2807917045,3026,2747,279
2807917046,1801,1404,397
2807917047,1493,1196,297
2807917048,1853,1719,134
2807917049,1111,847,264
2807917050,1322,1035,287
2807917051,1126,857,269
2807917052,1155,925,230
2807917053,1007,797,210
2807917054,1142,867,275
2807917055,1670,1391,279
2807917057,1478,1112,366
2807917058,1315,979,336
2807917059,1429,1096,333
2807917060,931,758,173
2807917061,1281,923,358
2807917062,1457,1049,408
2807917063,1014,792,222
2807917064,1346,1014,332
2807917065,1140,881,259
2807917066,1161,803,358
2807917068,1529,1384,145
2807917069,1443,1122,321
2807917070,1355,1263,92
2807917071,1887,1603,284
2807917072,1098,799,299
2807917073,926,771,155
2807917074,855,766,89
2807917075,1483,1304,179
2807917076,1207,1058,149
2807917078,1326,1210,116
2807917079,806,682,124
2807917080,1631,1560,71
2807917082,1534,1281,253
2807917083,1394,1115,279
2807917084,992,812,180
2807917085,747,658,89
2807917086,746,659,87
2807917087,1542,1338,204
2807917089,1141,959,182
2807917090,1085,934,151
2807917091,1151,926,225
2807917092,822,762,60
2807917093,700,638,62
2807917094,828,692,136
2807917095,843,723,120
2807917096,2523,2381,142
2807917097,1601,1502,99
2807917098,1204,1149,55
2807917099,828,789,39
2807917100,1063,833,230
2807917101,1749,1421,328
2807917102,1199,1151,48
2807917103,2278,2168,110
2807917104,1999,1819,180
2807917105,1586,1364,222
2807917106,2957,2585,372
2807917107,2563,2449,114
2807917108,1537,1462,75
2807917109,1178,1033,145
2807917110,2201,2065,136
2807917111,2716,2357,359
2807917112,2025,1916,109
2807917113,2009,1885,124
2807917114,1692,1530,162
2807918002,1407,1242,165
2807918003,865,729,136
2807918004,1156,1012,144
2807918005,1115,888,227
2807918006,1272,949,323
2807918007,933,767,166
2807918008,1119,978,141
2807918009,1531,1321,210
2807918010,1017,865,152
2807918011,1203,1019,184
2807918012,1541,1354,187
2807918013,1156,959,197
2807918014,1364,1170,194
2807918015,1049,868,181
2807918016,1179,1029,150
2807918017,1068,966,102
2807918018,1866,1592,274
2807918019,1663,1494,169
2807918020,1515,1429,86
2807918021,1059,972,87
2807918022,1375,1195,180
2807918023,752,646,106
2807918024,993,911,82
2807918025,1786,1730,56
2807918026,1537,1493,44
2807918027,1777,1628,149
2807918028,2135,1827,308
2807918029,1179,1053,126
2807918030,787,705,82
2807918031,1140,999,141
2807918032,1356,1211,145
2807918033,1264,1130,134
2807918034,1311,1176,135
2807918035,943,795,148
2807918036,1345,1222,123
2807918037,1044,893,151
2807918038,968,912,56
2807918039,1379,1320,59
2807918040,1893,1798,95
2807918041,1329,1114,215
2807918042,1890,1734,156
2807918043,1989,1842,147
2807918044,1368,1295,73
2807918045,3925,2609,1316
2807918046,1903,1591,312
2807918047,1265,1151,114
2807918048,1362,1301,61
2807918049,2689,2571,118
2807918050,1491,1343,148
2807918051,1746,1690,56
2807918052,3035,2721,314
2807918053,2052,1914,138
2807918054,2301,2212,89
2807918055,3041,2827,214
2807918056,1563,1434,129
2807918057,1914,1741,173
2807918058,2285,2029,256
2807918059,1779,1721,58
2807918060,2364,2170,194
2807918061,2279,2161,118
2807918062,2906,2637,269
2807918063,2602,2441,161
2807918064,2927,2641,286
2807918065,2314,2042,272
2807919001,2856,1956,900
2807919002,1951,1616,335
2807919003,962,729,233
2807919004,843,662,181
2807919005,1293,1093,200
2807919006,1141,976,165
2807919007,1124,957,167
2807919008,1302,1053,249
2807919009,1440,1140,300
2807919011,1256,1071,185
2807919012,1033,817,216
2807919014,1538,1345,193
2807919015,1061,894,167
2807919016,907,718,189
2807919018,1205,995,210
2807919019,970,752,218
2807919020,1055,915,140
2807919021,1281,1073,208
2807919022,1135,963,172
2807919023,1121,957,164
2807919024,787,681,106
2807919025,970,856,114
2807919026,895,768,127
2807919027,944,782,162
2807919028,1371,1114,257
2807919029,929,779,150
2807919032,2296,1919,377
2807919033,2151,2047,104
2807919034,1745,1645,100
2807919035,1659,1568,91
2807919036,2107,1984,123
2807919037,2132,2048,84
2807919038,1923,1779,144
2807919039,1609,1513,96
2807919040,2265,2198,67
2807919041,1533,1461,72
2807919042,2397,2346,51
2807919043,1351,1278,73
2807919044,1814,1637,177
2807919045,1788,1743,45
2807919046,1895,1830,65
2807919047,2496,2393,103
2807919048,1993,1896,97
2807919049,2368,2226,142
2807919050,1208,1178,30
2807919051,1952,1902,50
2807920001,2075,1699,376
2807920002,1685,1604,81
2807920003,1051,927,124
2807920006,846,748,98
2807920007,1532,1323,209
2807920008,1260,1084,176
2807920009,781,738,43
2807920010,1045,625,420
2807920011,644,608,36
2807920012,1255,1012,243
2807920013,765,667,98
2807920014,690,585,105
2807920015,841,692,149
2807920016,723,605,118
2807920017,1021,870,151
2807920018,923,742,181
2807920019,704,596,108
2807920020,845,651,194
2807920021,901,766,135
2807920022,1035,921,114
2807920023,957,835,122
2807920024,686,605,81
2807920025,944,843,101
2807920026,1259,1163,96
2807920027,979,960,19
2807920028,730,702,28
2807920029,1342,1234,108
2807920031,1120,947,173
2807920032,883,757,126
2807920033,978,836,142
2807920034,1109,914,195
2807920035,1023,869,154
2807920036,994,862,132
2807920037,789,747,42
2807920038,631,598,33
2807920039,692,663,29
2807920040,905,850,55
2807920041,942,876,66
2807920042,715,647,68
2807920043,860,809,51
2807920044,1126,978,148
2807920046,850,725,125
2807920047,1357,1200,157
2807920048,878,753,125
2807920049,953,878,75
2807920050,933,818,115
2807920051,950,862,88
2807920053,1936,1705,231
2807920055,2101,2017,84
2807920056,1239,1165,74
2807920058,1075,952,123
2807920059,751,695,56
2807920062,1407,1327,80
2807920063,1229,1124,105
2807920064,986,908,78
2807920065,1846,1660,186
2807920066,1854,1733,121
2807920067,2322,2229,93
2807920068,2610,2227,383
2807920069,1013,918,95
2807920070,936,843,93
2807920071,2745,2482,263
2807920072,1749,1567,182
2807920073,1071,855,216
2807920074,905,776,129
2807920075,972,783,189
2807920076,1314,1110,204
2807920077,2241,1996,245
2807920078,1429,1201,228
2807920079,1186,1063,123
2807920080,1285,1199,86
2807920082,1878,1673,205
2807920083,911,772,139
2807920084,602,559,43
2807920085,1209,942,267
2807920086,1582,1394,188
2807920087,1130,939,191
2807920088,2009,1719,290
2807920090,1273,1196,77
2807920091,1342,1100,242
2807920092,1649,1422,227
2807920093,1261,1078,183
2807920095,1258,1195,63
2807920096,2534,2342,192
2807920097,1063,939,124
2807920098,984,921,63
2807920099,1815,1714,101
2807920100,1511,1213,298
2807920101,1412,1292,120
2807920102,2028,1905,123
2807920103,2366,2262,104
2807920104,2482,2421,61
2807920105,1999,1883,116
2807920106,2709,2569,140
2807920107,2145,2083,62
2807920108,1717,1573,144
2807920109,1977,1888,89
2807920110,2146,2058,88
2807920111,1972,1897,75
2807920112,2230,2100,130
2807920113,2261,2201,60
2807920114,1896,1854,42
2807920115,2140,2090,50
2807920116,1865,1664,201
2807920117,1695,1623,72
2807920118,1865,1782,83
2807920119,2844,2514,330
2807920120,3460,3004,456
2807920121,3136,2413,723
2807920122,1594,1520,74
2807921001,1560,1418,142
2807921002,1517,1456,61
2807921003,1248,1191,57
2807921004,1179,1137,42
2807921005,1888,1798,90
2807921006,1305,1237,68
2807921007,2015,1892,123
2807921008,671,653,18
2807921009,661,613,48
2807921010,1317,1246,71
2807921011,1733,1601,132
2807921012,943,900,43
2807921013,1320,1267,53
2807921014,2038,1928,110
2807921015,1786,1459,327
2807921017,1483,1217,266
2807921018,1492,1242,250
2807921019,1321,1097,224
2807921020,1804,1511,293
2807921021,1206,1008,198
2807921022,1694,1532,162
2807921023,1094,927,167
2807921025,1382,1267,115
2807921026,1575,1449,126
2807921027,2612,2476,136
2807921028,1293,1194,99
2807921029,1669,1584,85
2807921030,1597,1453,144
2807921031,3768,3512,256
2807921032,1702,1557,145
2808001001,1365,1100,265
2808001002,864,820,44
2808001003,2254,1502,752
2808001004,1830,1294,536
2808001005,1528,1191,337
2808001006,1151,882,269
2808001007,1655,1583,72
2808001008,1691,1381,310
2808001009,2487,2338,149
2808001010,1544,1305,239
2808001011,1665,1534,131
2808001012,1534,1417,117
2808001013,1301,1258,43
2808001014,1699,1652,47
2808001015,928,903,25
2808001016,3284,3076,208
2808001017,1006,927,79
2808002001,1753,1557,196
2808002002,1590,1480,110
2808002003,1794,1259,535
2808002004,1430,1362,68
2808002005,2623,2473,150
2808002006,1326,929,397
2808002007,1286,1215,71
2808002008,1427,1327,100
2808002009,1423,1342,81
2808002010,1509,1444,65
2808002011,1050,980,70
2808002012,1365,1127,238
2808002013,1567,1447,120
2808002014,1173,1097,76
2808002015,1118,1039,79
2808002016,1159,997,162
2808002017,1076,1020,56
2808002018,1591,1469,122
2808002019,900,863,37
2808002020,1615,1551,64
2808002021,1533,1435,98
2808002022,2774,2529,245
2808002023,1378,1281,97
2808002024,2167,2027,140
2808002025,2312,2163,149
2808002026,1665,1569,96
2808002027,2909,2682,227
2808201001,2018,1732,286
2808201002,2403,2046,357
2808201003,2314,2151,163
2808201004,1765,1568,197
2808301001,2433,2082,351
2808301002,2647,1913,734
2808301003,3263,2863,400
2808301004,2762,2633,129
2808301005,2465,2371,94
2808401001,2681,2320,361
2808401002,2523,2136,387
2808401003,2165,1736,429
2808401004,2439,2090,349
2808401005,2115,1763,352
2808401006,1713,1417,296
2808401007,1873,1690,183
2808401008,1531,1422,109
2808401009,2252,2126,126
2808401010,1292,1178,114
2808401011,2364,2122,242
2808501001,2562,2098,464
2808501002,1907,1560,347
2808501003,1348,1284,64
2808601001,2644,2033,611
2808601002,3268,2655,613
2808601003,2579,2017,562
2808701001,2384,2149,235
2808701002,1961,1718,243
2808801001,356,336,20
2808901001,1343,1309,34
2808901002,1873,1713,160
2808901003,1654,1564,90
2809001001,2491,2125,366
2809001002,2587,2254,333
2809001003,2661,2555,106
2809001004,2784,2558,226
2809001005,1973,1849,124
2809101001,1804,1555,249
2809101002,1403,1253,150
2809102001,2158,1952,206
2809102002,2117,1820,297
2809201001,1679,1371,308
2809201002,1477,1251,226
2809201003,1212,1015,197
2809201004,794,689,105
2809201005,1189,1005,184
2809201006,996,887,109
2809201007,1064,910,154
2809201008,1815,1577,238
2809201009,1895,1781,114
2809201010,1462,1341,121
2809201011,2483,2163,320
2809201012,2412,2096,316
2809201013,2139,1958,181
2809201014,1955,1823,132
2809201015,2581,2422,159
2809201016,1162,1081,81
2809201017,2430,2276,154
2809201018,1939,1786,153
2809201019,3006,2625,381
2809201020,1548,1490,58
2809201021,1461,1424,37
2809201022,2188,2076,112
2809201023,1131,1076,55
2809202001,1939,1554,385
2809202002,1220,954,266
2809202003,1258,1061,197
2809202004,1190,959,231
2809202006,1513,1187,326
2809202007,1297,1223,74
2809202008,1657,1400,257
2809202009,1137,943,194
2809202010,1024,719,305
2809202011,1167,878,289
2809202012,1069,749,320
2809202013,1359,1084,275
2809202014,1645,1237,408
2809202015,1167,1048,119
2809202016,1478,1300,178
2809202017,1981,1796,185
2809202018,1184,1056,128
2809202019,1100,1015,85
2809202020,1492,1340,152
2809202021,1703,1545,158
2809202022,1135,993,142
2809202023,1333,1196,137
2809202024,1351,1222,129
2809202025,1350,1242,108
2809202026,1353,1239,114
2809202028,1917,1682,235
2809202029,1892,1702,190
2809202030,892,798,94
2809202031,1079,957,122
2809202032,1449,1291,158
2809202033,1316,1144,172
2809202034,2097,2013,84
2809202035,1369,1235,134
2809202036,1074,959,115
2809202037,1112,1017,95
2809202038,2622,2434,188
2809202039,808,772,36
2809203001,1846,1405,441
2809203002,1209,990,219
2809203003,1638,1276,362
2809203004,1087,886,201
2809203005,1118,786,332
2809203006,1923,1552,371
2809203007,1204,977,227
2809203008,1350,1152,198
2809203009,1578,1338,240
2809203010,1092,932,160
2809203011,1490,1133,357
2809203012,1978,1712,266
2809203013,1380,1169,211
2809203014,723,630,93
2809203015,1162,1032,130
2809203016,1581,1415,166
2809203017,2275,2031,244
2809203018,1714,1583,131
2809203019,1676,1473,203
2809203020,1222,1121,101
2809203021,930,874,56
2809203022,1195,1096,99
2809203023,1302,1122,180
2809203024,1132,1021,111
2809203025,932,846,86
2809203026,2050,1861,189
2809203027,1019,792,227
2809203028,2424,2248,176
2809203029,928,855,73
2809203030,1739,1620,119
2809204001,1082,862,220
2809204002,1607,1363,244
2809204003,1368,1189,179
2809204004,1007,897,110
2809204005,1767,1554,213
2809204006,1617,1393,224
2809204007,1212,999,213
2809204008,1719,1458,261
2809204009,2127,1749,378
2809204010,870,767,103
2809204011,1725,1478,247
2809204012,1681,1518,163
2809204013,2192,1917,275
2809204015,1281,1156,125
2809204016,1405,1288,117
2809204017,1382,1330,52
2809204018,2621,2486,135
2809204019,1702,1456,246
2809204020,1228,1097,131
2809204021,1032,919,113
2809204022,1153,959,194
2809204023,1026,923,103
2809204024,1623,1474,149
2809204025,2089,1909,180
2809204026,1336,1231,105
2809204027,2123,1912,211
2809204028,1068,987,81
2809204029,872,807,65
2809204030,1937,1769,168
2809204031,2020,1905,115
2809204032,1853,1696,157
2809204033,1228,1114,114
2809204034,1729,1595,134
2809204035,2609,2535,74
2809204036,1973,1896,77
2809204037,2301,2210,91
2809204038,1100,1053,47
2809204039,2798,2669,129
2809204040,2724,2608,116
2809204041,3279,3012,267
2809204042,2466,2134,332
2809204043,2013,1868,145
2809301001,2894,2534,360
2809401001,1340,1112,228
2809501001,2443,1977,466
2809601001,2252,1759,493
2809601002,1786,1551,235
2809601003,2156,1839,317
2809601004,2621,2467,154
2809601005,2509,2379,130
2809601006,1252,1062,190
2809601007,1376,1297,79
2809601008,1536,1342,194
2809601009,2347,2108,239
2809601010,2211,1871,340
2809601011,1695,1617,78
2809601012,2068,1932,136
2809601013,1944,1832,112
2809601014,1817,1672,145
2809701001,131,129,2
2809901001,2751,2216,535
2810001001,1204,1006,198
2810001002,2064,1813,251
2810001003,2823,2422,401
2810101001,332,283,49
2810201001,1218,1053,165
2810401001,3259,2744,515
2810401002,3339,2347,992
2810401003,2986,2671,315
2810401004,1140,1069,71
2810401005,4069,3738,331
2810401006,2002,1864,138
2810401007,3886,3561,325
2810401008,3224,2995,229
2810601001,1890,1287,603
2810601002,1803,1080,723
2810601003,2351,1551,800
2810601004,3310,2440,870
2810601005,2149,1598,551
2810601006,1679,1276,403
2810601007,1874,1428,446
2810601008,1740,1259,481
2810601009,2395,1685,710
2810601010,1464,1043,421
2810601011,2214,1365,849
2810601012,1853,1270,583
2810601013,2178,1496,682
2810601014,997,764,233
2810601015,1206,1061,145
2810601016,1915,1494,421
2810601017,2181,1585,596
2810601018,1645,1339,306
2810601019,1278,925,353
2810601021,1642,1313,329
2810601022,1587,1153,434
2810601023,2165,1636,529
2810601024,1776,1290,486
2810601025,1680,1365,315
2810601026,1863,1248,615
2810601027,1561,1294,267
2810601028,2985,2193,792
2810601029,1855,1417,438
2810601030,2136,1555,581
2810601031,1748,1435,313
2810601032,1552,1244,308
2810601033,1050,706,344
2810601034,2363,1936,427
2810601035,2286,1623,663
2810601036,1819,1554,265
2810601037,1255,1030,225
2810601038,1567,1245,322
2810601039,2277,2129,148
2810601040,1296,1101,195
2810601041,2049,1707,342
2810601042,2064,1922,142
2810601043,2613,2393,220
2810601044,2207,1878,329
2810601045,982,869,113
2810601046,1124,953,171
2810601047,1935,1784,151
2810601048,2643,2386,257
2810601049,2250,1740,510
2810601050,1921,1783,138
2810601051,1820,1692,128
2810601052,1954,1810,144
2810601053,1901,1761,140
2810601054,2614,2410,204
2810601055,1261,1037,224
2810601056,2020,1891,129
2810601057,3185,2954,231
2810601058,4094,2953,1141
2810601059,2518,2123,395
2810601060,3118,2655,463
2810601061,1342,1233,109
2810601062,2519,2147,372
2810601063,2082,1930,152
2810601064,1838,1444,394
2810601065,1259,1199,60
2810701001,553,527,26
2810801001,2801,2275,526
2810801002,2812,2276,536
2810901001,2468,1901,567
2811001001,2817,2375,442
2811101001,816,733,83
2811201001,185,177,8
2811301001,1059,815,244
2811301002,1977,1693,284
2811301003,1905,1628,277
2811301004,1257,1061,196
2811301005,2296,1950,346
2811301006,3464,3124,340
2811301007,1628,1484,144
2811301008,1279,1116,163
2811301009,1026,901,125
2811301010,1886,1716,170
2811301011,2302,2115,187
2811301012,1976,1844,132
2811301013,2420,2219,201
2811302001,1459,1197,262
2811302002,1083,881,202
2811302003,1456,1257,199
2811302004,2353,2107,246
2811302005,1449,1297,152
2811302006,1714,1543,171
2811302007,1694,1500,194
2811302008,2662,2528,134
2811302009,1989,1845,144
2811302010,1622,1566,56
2811302011,1861,1774,87
2811302012,1466,1375,91
2811302013,1317,1253,64
2811302014,1871,1734,137
2811302015,1971,1800,171
2811401001,183,172,11
2811501001,2534,2402,132
2811501002,1899,1746,153
2811501004,1100,813,287
2811501005,925,785,140
2811501006,1637,1507,130
2811501007,889,713,176
2811501008,1247,1078,169
2811501009,1039,919,120
2811501010,1314,1197,117
2811501011,1009,817,192
2811501012,2401,2317,84
2811501013,1365,1049,316
2811501014,1370,1275,95
2811501015,1763,1592,171
2811501016,1636,1554,82
2811501017,2450,2335,115
2811501018,1702,1640,62
2811501019,1873,1720,153
2811501020,1481,1301,180
2811501021,1509,1358,151
2811501022,1807,1686,121
2811501023,1516,1464,52
2811501024,999,928,71
2811501025,2131,2043,88
2811501026,1951,1787,164
2811501027,1311,1269,42
2811501028,2273,2111,162
2811501029,2465,2367,98
2811501030,1299,1249,50
2811501031,2906,2472,434
2811502001,1595,1525,70
2811502002,2007,1791,216
2811502003,1731,1458,273
2811502004,1643,1523,120
2811502005,1884,1796,88
2811502006,1731,1624,107
2811502007,1898,1742,156
2811502008,1443,1350,93
2811502009,1813,1707,106
2811502010,1731,1489,242
2811502011,699,671,28
2811502012,1732,1622,110
2811502013,2545,2422,123
2811502014,2058,1920,138
2811502015,984,930,54
2811502016,1662,1596,66
2811502017,949,885,64
2811502018,1844,1747,97
2811502019,1500,1433,67
2811502020,1601,1538,63
2811502021,2754,2646,108
2811601001,1099,943,156
2811701001,132,126,6
2811801001,61,60,1
2811901001,3282,2951,331
2812001001,1672,1337,335
2812101001,248,232,16
2812201001,702,628,74
2812301001,2907,2198,709
2812301002,1367,1248,119
2812301003,1266,1079,187
2812301004,2199,1833,366
2812301005,1540,1502,38
2812301006,1967,1872,95
2812301007,1683,1451,232
2812301008,2451,2300,151
2812301009,1774,1512,262
2812301010,1273,1196,77
2812301011,1199,963,236
2812301012,1485,1439,46
2812301013,1838,1804,34
2812301014,1706,1666,40
2812301015,1832,1590,242
2812301016,2008,1972,36
2812301017,2453,2357,96
2812301018,979,949,30
2812301019,3046,2815,231
2812301020,1624,1474,150
2812301021,2628,2364,264
2812301022,3428,2935,493
2812301023,2864,2696,168
2812301024,1572,1532,40
2812301025,2035,1807,228
2812301026,1738,1417,321
2812301027,1073,886,187
2812301028,893,873,20
2812301029,2483,2244,239
2812301030,2348,2272,76
2812301031,1480,1432,48
2812301032,2387,2120,267
2812301033,2061,2006,55
2812301034,2511,2407,104
2812301035,2412,2260,152
2812301036,2743,2557,186
2812301037,3787,3508,279
2812301038,2773,2637,136
2812301039,1984,1727,257
2812301040,2094,1997,97
2812301041,1876,1603,273
2812401001,87,77,10
2812501001,1467,1312,155
2812501002,2606,2431,175
2812601001,44,38,6
2812701001,3053,2212,841
2812701002,1237,939,298
2812701003,1801,1720,81
2812701004,1853,1721,132
2812701005,1394,1289,105
2812701006,709,643,66
2812701007,976,931,45
2812701008,1367,1208,159
2812701009,2797,2611,186
2812701010,2789,2148,641
2812701011,1747,1578,169
2812701012,2378,1775,603
2812701013,1303,1257,46
2812701014,1389,1305,84
2812701015,2591,1992,599
2812701016,1942,1810,132
2812701017,2725,2531,194
2812701018,2357,2269,88
2812701019,1430,1354,76
2812701020,1445,1391,54
2812701021,2013,1719,294
2812701022,2514,2350,164
2812701023,2321,2195,126
2812701024,1990,1900,90
2812701025,1248,1195,53
2812701026,1367,1320,47
2812701027,1157,1080,77
2812701028,2058,1927,131
2812701029,2785,2657,128
2812701030,1105,1024,81
2812701031,1756,1665,91
2812701032,2562,2395,167
2812701033,1404,1303,101
2812701034,2437,2330,107
2812701035,2537,2445,92
2812701036,2455,2360,95
2812701037,2793,2605,188
2812701038,3075,2884,191
2812701039,1474,1398,76
2812701040,2523,2422,101
2812701041,1544,1483,61
2812701042,2050,1971,79
2812701043,2315,2214,101
2812701044,1728,1666,62
2812701045,2233,2155,78
2812701046,2552,2416,136
2812701047,1028,940,88
2812701048,1211,1142,69
2812701049,1553,1468,85
2812801001,534,495,39
2812901001,2541,2107,434
2812901002,1837,1492,345
2812901003,3077,2686,391
2812901004,2375,2065,310
2812901005,1735,1478,257
2812901006,1538,1410,128
2813001001,1565,1303,262
2813001002,1959,1535,424
2813001003,1759,1516,243
2813001004,1665,1301,364
2813001005,2165,2019,146
2813001006,1533,1246,287
2813001007,1968,1621,347
2813001008,1571,1361,210
2813001009,1979,1576,403
2813001010,1598,1266,332
2813001011,2349,2048,301
2813001012,1655,1398,257
2813001013,1166,1049,117
2813001014,1797,1489,308
2813001015,1756,1659,97
2813001016,2047,1842,205
2813001017,1721,1641,80
2813001018,1683,1541,142
2813001019,1970,1878,92
2813001020,1316,1075,241
2813001021,1591,1323,268
2813001022,1342,1231,111
2813001023,1526,1450,76
2813101001,2317,1958,359
2813101002,1492,1333,159
2813101003,2357,2108,249
2813101004,1927,1798,129
2813101005,1426,1306,120
2813101006,2652,2509,143
2813101007,1951,1878,73
2813102001,1511,1339,172
2813102002,2391,2146,245
2813201001,1180,892,288
2813201002,1905,1488,417
2813201003,1410,1247,163
2813201004,2943,2557,386
2813201005,1979,1713,266
2813201006,3778,2712,1066
2813201007,3112,2759,353
2813201008,2517,2095,422
2813301001,1584,1427,157
2813301002,2724,2382,342
2813301003,2633,2224,409
2813301004,1357,1216,141
2813401001,912,808,104
2813401002,1044,866,178
2813401003,1282,1087,195
2813401004,1975,1673,302
2813401005,1896,1594,302
2813401006,1624,1403,221
2813401007,980,819,161
2813401008,1483,1201,282
2813401009,1468,1269,199
2813401010,848,669,179
2813401011,1168,923,245
2813401012,2131,1813,318
2813401014,1628,1371,257
2813401015,1583,1297,286
2813401017,1160,987,173
2813401018,2035,1774,261
2813401019,1937,1806,131
2813401020,1063,921,142
2813401021,1052,935,117
2813401022,744,632,112
2813401023,687,617,70
2813401024,1098,906,192
2813401025,1720,1501,219
2813401026,1305,1204,101
2813401027,2388,2109,279
2813401028,1285,1175,110
2813401029,1763,1608,155
2813401030,1010,996,14
2813401031,1630,1543,87
2813401032,1974,1684,290
2813401033,2899,2390,509
2813401034,946,898,48
2813401035,2146,2102,44
2813401036,1478,1403,75
2813401037,1872,1782,90
2813401038,2001,1891,110
2813401039,2280,2139,141
2813401040,960,945,15
2813401041,2011,1920,91
2813401042,2044,1828,216
2813401043,2985,2750,235
2813401044,3268,3088,180
2813401045,3345,3166,179
2813401046,1834,1734,100
2813401047,2543,2228,315
2813401048,2209,2099,110
2813401049,1219,1168,51
2813401050,2607,2541,66
2813401051,1827,1637,190
2813401052,1900,1778,122
2813401053,1460,1425,35
2813501001,1163,1074,89
2813601001,856,793,63
2813701001,2486,2239,247
2813801001,73,69,4
2814001001,1373,1317,56
2814001002,954,915,39
2814001003,1640,1601,39
2814101001,2719,2368,351
2814101002,2221,1886,335
2814101003,3109,2808,301
2814101004,1044,994,50
2814301001,77,76,1
2814401001,2712,2332,380
2814401002,1635,1509,126
2814401003,2120,2017,103
2814401004,2140,1915,225
2814501001,1581,1451,130
2814501002,1992,1690,302
2814601001,2610,2158,452
2814701001,1274,1197,77
2814801001,1370,1129,241
2814801002,1619,1470,149
2814801003,1115,950,165
2814801004,922,794,128
2814801005,1138,810,328
2814801006,1683,1433,250
2814801007,1471,1133,338
2814801008,983,828,155
2814801009,1042,875,167
2814801010,1923,1630,293
2814801011,1714,1583,131
2814801012,2168,1987,181
2814801013,2552,2116,436
2814801014,2134,1848,286
2814801015,1630,1379,251
2814801016,1566,1360,206
2814801017,1481,1374,107
2814801018,910,832,78
2814801019,1545,1479,66
2814801020,1543,1438,105
2814801021,1387,1289,98
2814801022,2238,2075,163
2814801023,1437,1321,116
2814801024,1499,1396,103
2814801025,1514,1301,213
2814802001,1819,1567,252
2814802002,2384,1988,396
2814802003,1176,926,250
2814802004,1967,1643,324
2814802005,1504,1077,427
2814802006,1497,1141,356
2814802007,1056,922,134
2814802008,1547,1072,475
2814802009,1647,1269,378
2814802010,1412,1230,182
2814802011,1650,1338,312
2814802012,1150,992,158
2814802013,1375,1154,221
2814802014,1902,1628,274
2814802015,1539,1412,127
2814802016,2308,2105,203
2814802017,1931,1760,171
2814802018,2434,2344,90
2814802019,1964,1840,124
2814802020,1843,1706,137
2814802021,2329,2148,181
2814802022,2076,1709,367
2814802023,2531,2232,299
2814802024,2307,2094,213
2814802025,2784,2511,273
2814802026,2060,1947,113
2814803001,1041,719,322
2814803002,1683,1062,621
2814803003,2031,1303,728
2814803005,2056,1677,379
2814803006,2344,2262,82
2814803007,1703,1563,140
2814803008,1231,1072,159
2814803009,1671,1561,110
2814804001,1485,1081,404
2814804002,1527,998,529
2814804003,1457,1220,237
2814804004,1735,1334,401
2814804005,1443,1137,306
2814804006,1679,1206,473
2814804007,1444,884,560
2814804008,1405,1162,243
2814804009,1187,794,393
2814804010,1238,1091,147
2814804011,869,734,135
2814804012,1117,830,287
2814804013,1647,1355,292
2814804014,1245,995,250
2814804015,1727,1444,283
2814804016,1314,1193,121
2814804017,882,763,119
2814804018,1726,1345,381
2814804019,2350,2060,290
2814901001,2222,2083,139
2814901002,2993,2743,250
2814901003,1504,1334,170
2814901004,1699,1568,131
2815001001,1832,1735,97
2815001002,1191,1126,65
2815001003,1238,1203,35
2815101001,1496,1302,194
2815102001,1417,1175,242
2815102002,1799,1508,291
2815201001,1979,1704,275
2815201002,2268,2076,192
2815201003,2510,2397,113
2815201004,2100,1935,165
2815201005,2587,2390,197
2815201006,2598,2417,181
2815201007,2484,2381,103
2815201008,2797,2675,122
2815201009,2513,2386,127
2815201010,1292,1229,63
2815301001,942,870,72
2815401001,2820,2504,316
2815401002,1744,1559,185
2815401003,1405,1285,120
2815401004,1856,1675,181
2815501001,643,588,55
2815601001,1450,1290,160
2815701001,867,785,82
2815801001,916,811,105
2815901001,768,706,62
2816001001,2675,2085,590
2816001002,2263,1870,393
2816001003,2830,2637,193
2816001004,3006,2788,218
2816001005,1526,1439,87
2816101001,1993,1731,262
2816101002,2129,1838,291
2816101003,1918,1636,282
2816101004,1254,1024,230
2816101005,1172,931,241
2816101006,2159,1765,394
2816101007,1861,1608,253
2816101008,2502,2391,111
2816101009,1421,1275,146
2816101010,2449,2226,223
2816101011,2860,2694,166
2816101012,2564,2383,181
2816101013,2018,1927,91
2816101014,1485,1416,69
2816101015,1915,1839,76
2816101016,1770,1691,79
2816101017,2099,1855,244
2816101018,3021,2850,171
2816101019,1482,1438,44
2816101020,3243,3124,119
2816101021,2196,2093,103
2816101022,2373,2210,163
2816102001,1840,1520,320
2816102002,2324,2128,196
2816102003,1807,1513,294
2816102004,2509,2150,359
2816102005,1831,1476,355
2816102006,1107,1013,94
2816102007,1464,1336,128
2816102008,3053,2682,371
2816102009,2412,2168,244
2816102010,3663,3403,260
2816102011,2085,1944,141
2816102012,2232,2137,95
2816102013,1765,1637,128
2816201001,3082,2791,291
2816201002,824,778,46
2816301001,587,544,43
2816401001,2424,2078,346
2816401002,1892,1721,171
2816501001,2755,2184,571
2816601001,427,377,50
2816701001,2024,1596,428
2816701002,2086,2008,78
2816701003,1989,1777,212
2816701004,2615,2485,130
2816701005,2252,2022,230
2816701006,1145,1045,100
2816801001,1834,1534,300
2816901001,2032,1851,181
2817001001,1874,1672,202
2817001002,1476,1345,131
2817101001,1604,1378,226
2817101002,1649,1266,383
2817101003,1390,1123,267
2817101004,1694,1487,207
2817201001,2324,2135,189
2817201002,2386,2221,165
2817201003,1881,1817,64
2817201004,787,757,30
2817201005,2601,2421,180
2817201006,3059,2850,209
2817301001,694,601,93
2817401001,2491,2156,335
2817501001,1382,1193,189
2817601001,2667,2326,341
2817601002,1723,1483,240
2817601003,2824,2558,266
2817601004,2056,1861,195
2817601005,1936,1666,270
2817601006,3549,2605,944
2817601007,3080,2591,489
2817601008,2485,2003,482
2817701001,2471,2091,380
2817701002,2208,1909,299
2817701003,3219,2822,397
2817701004,3027,2737,290
2817701005,3496,3221,275
2817701006,2604,2280,324
2817801001,1519,1402,117
2817901001,1997,1796,201
2818001001,1304,1157,147
2818001002,1015,907,108
2818001003,1525,1355,170
2818001004,1656,1505,151
2818001005,1745,1571,174
2818101001,1323,1124,199
2818101002,2064,1866,198
2818101003,1817,1707,110
2818101004,1037,831,206
2818101005,1747,1525,222
2818101006,2164,2021,143
2818101007,1508,1323,185
2818101008,2119,2007,112
2818101009,1140,1084,56
2818101010,1556,1442,114
2818101011,1719,1601,118
2818101012,2220,2108,112
2818101013,1675,1599,76
2818101014,1958,1837,121
2818101015,2212,2126,86
2818101016,1245,1141,104
2818201001,267,245,22
2818301001,1596,1349,247
2890101001,1237,992,245
2890201001,632,580,52
2890301001,2208,2082,126
2890301002,1604,1476,128
2890301003,1840,1675,165
2890301004,1743,1650,93
2890301005,1693,1584,109
2890301006,2236,2078,158
2890301007,2189,1969,220
2890301008,2228,2035,193
2890301009,1610,1553,57
2890301010,1844,1757,87
2890301011,1053,1015,38
2890301012,1057,1016,41
2890301013,1965,1776,189
2890301014,1711,1592,119
2890301015,1600,1436,164
2890301016,2022,1920,102
2890301017,2691,2471,220
2890301018,1262,1189,73
2890301019,1993,1820,173
2890301020,1663,1552,111
2890301021,1066,1026,40
2890301022,1453,1413,40
2890301023,2935,2809,126
2890301024,4380,3996,384
Hombres,,,
    TOTAL,3115522,2737162,378360
2800101001,37,36,1
2800201001,1135,998,137
2800201002,1192,1020,172
2800301001,117,115,2
2800401001,1328,1142,186
2800401002,1513,1340,173
2800401003,1017,866,151
2800401004,695,624,71
2800501001,746,629,117
2800501002,477,409,68
2800501003,886,731,155
2800501004,626,525,101
2800501005,576,494,82
2800501006,633,574,59
2800501007,612,531,81
2800501008,371,313,58
2800501009,531,449,82
2800501010,460,388,72
2800501011,651,514,137
2800501012,944,758,186
2800501013,449,358,91
2800501014,614,503,111
2800501015,1131,852,279
2800501016,559,438,121
2800501017,524,325,199
2800501018,591,408,183
2800501020,800,530,270
2800501021,676,557,119
2800501022,875,644,231
2800501023,603,502,101
2800501024,609,545,64
2800502001,636,509,127
2800502002,519,429,90
2800502003,720,580,140
2800502004,691,520,171
2800502005,701,512,189
2800502006,887,688,199
2800502007,961,737,224
2800502008,1216,995,221
2800502009,372,275,97
2800502010,727,550,177
2800502011,689,580,109
2800502012,596,508,88
2800502013,395,337,58
2800502014,501,400,101
2800502015,404,368,36
2800502016,664,557,107
2800502017,555,454,101
2800502018,892,758,134
2800502019,1035,800,235
2800502020,949,733,216
2800502021,821,662,159
2800502022,616,494,122
2800502023,539,420,119
2800502024,808,644,164
2800502025,714,552,162
2800502026,873,681,192
2800502027,831,705,126
2800502028,911,857,54
2800502029,700,688,12
2800502030,537,456,81
2800502031,869,839,30
2800502032,681,565,116
2800502033,709,603,106
2800502034,756,638,118
2800502035,897,768,129
2800502036,892,759,133
2800502037,519,444,75
2800503001,795,611,184
2800503002,593,454,139
2800503003,634,381,253
2800503004,741,623,118
2800503005,547,374,173
2800503006,854,672,182
2800503007,1119,903,216
2800503008,617,483,134
2800503009,715,506,209
2800503011,760,592,168
2800503012,713,577,136
2800503013,789,759,30
2800503014,1437,1209,228
2800503015,1152,1104,48
2800503016,1148,1072,76
2800503017,1084,1035,49
2800504001,1412,1257,155
2800504002,818,788,30
2800504003,920,880,40
2800504004,694,671,23
2800504005,947,868,79
2800504006,1057,973,84
2800504007,1154,1111,43
2800504008,1168,1127,41
2800504009,1075,990,85
2800504010,1190,1121,69
2800504011,1238,1187,51
2800504012,846,735,111
2800504013,1019,996,23
2800504014,974,921,53
2800504015,574,510,64
2800504016,784,767,17
2800504017,1819,1748,71
2800505001,606,390,216
2800505002,829,605,224
2800505003,772,592,180
2800505004,637,505,132
2800505005,594,472,122
2800505006,409,349,60
2800505007,963,893,70
2800505008,479,429,50
2800505009,680,551,129
2800505010,400,298,102
2800505011,661,509,152
2800505012,895,680,215
2800505013,516,506,10
2800505014,1116,975,141
2800505015,706,682,24
2800505016,486,455,31
2800505017,845,600,245
2800505018,529,437,92
2800505019,375,289,86
2800505020,858,655,203
2800505021,950,769,181
2800505022,962,909,53
2800505023,836,695,141
2800505024,782,540,242
2800505025,668,463,205
2800505026,757,542,215
2800505027,405,290,115
2800505028,553,531,22
2800505029,904,778,126
2800505030,358,345,13
2800505031,387,372,15
2800505032,845,825,20
2800601001,837,713,124
2800601002,1187,895,292
2800601003,867,623,244
2800601004,1279,955,324
2800601005,384,299,85
2800601006,695,545,150
2800601007,865,679,186
2800601008,911,675,236
2800601009,1235,970,265
2800601011,395,314,81
2800601012,526,423,103
2800601013,795,687,108
2800601014,831,698,133
2800601015,980,785,195
2800601016,709,559,150
2800601017,567,441,126
2800601018,883,695,188
2800601019,345,291,54
2800601020,427,360,67
2800601021,771,660,111
2800601022,748,627,121
2800601023,946,821,125
2800601024,576,490,86
2800601025,810,732,78
2800601026,512,476,36
2800601027,1123,980,143
2800601028,810,767,43
2800601029,613,577,36
2800601030,1025,974,51
2800601031,791,730,61
2800601032,1047,960,87
2800601033,1071,922,149
2800601034,678,618,60
2800601035,440,348,92
2800601036,1048,830,218
2800601037,1710,1522,188
2800601038,798,737,61
2800601039,1362,1210,152
2800601040,1010,829,181
2800601041,1113,915,198
2800601042,688,554,134
2800601043,582,439,143
2800601044,943,847,96
2800601045,795,745,50
2800601046,417,358,59
2800601047,493,468,25
2800601048,1048,943,105
2800601049,843,814,29
2800601050,865,847,18
2800601051,1119,1082,37
2800601052,660,652,8
2800601053,1112,1087,25
2800601054,1012,892,120
2800601055,1136,1099,37
2800601056,870,815,55
2800601057,966,925,41
2800601058,731,716,15
2800601059,1540,1341,199
2800601060,490,450,40
2800601061,516,484,32
2800601062,846,830,16
2800601063,996,961,35
2800601064,949,916,33
2800601065,710,701,9
2800601066,1159,1131,28
2800701001,625,577,48
2800701002,916,749,167
2800701003,669,584,85
2800701004,670,523,147
2800701005,752,645,107
2800701006,461,355,106
2800701007,726,537,189
2800701008,938,767,171
2800701010,777,600,177
2800701011,728,563,165
2800701012,685,516,169
2800701013,518,424,94
2800701014,446,362,84
2800701015,576,500,76
2800701016,1542,1378,164
2800701017,1038,1016,22
2800701018,712,693,19
2800701019,881,824,57
2800701020,1430,1374,56
2800702001,497,429,68
2800702002,371,328,43
2800702003,655,589,66
2800702004,497,458,39
2800702005,574,516,58
2800702006,695,651,44
2800702007,313,296,17
2800702008,321,313,8
2800702009,569,525,44
2800702010,406,373,33
2800702011,546,493,53
2800702012,514,446,68
2800702013,575,511,64
2800702014,658,583,75
2800702015,868,814,54
2800702016,986,944,42
2800702017,616,595,21
2800702019,832,804,28
2800702020,610,589,21
2800702021,804,792,12
2800702022,752,675,77
2800702023,349,320,29
2800702024,394,373,21
2800702025,379,350,29
2800702026,313,280,33
2800702027,531,490,41
2800702028,645,597,48
2800702029,606,574,32
2800702030,589,572,17
2800702031,799,780,19
2800702032,813,798,15
2800702033,962,919,43
2800702034,1352,1326,26
2800702035,1094,1071,23
2800702036,420,410,10
2800702037,615,597,18
2800702038,939,921,18
2800703001,883,762,121
2800703002,528,425,103
2800703003,380,340,40
2800703004,582,484,98
2800703005,645,569,76
2800703006,421,363,58
2800703007,447,374,73
2800703008,452,357,95
2800703009,569,509,60
2800703010,662,526,136
2800703011,386,358,28
2800703012,837,789,48
2800703013,676,644,32
2800703014,661,615,46
2800703015,608,576,32
2800703016,582,553,29
2800703017,629,565,64
2800703018,649,596,53
2800703019,763,681,82
2800703020,546,512,34
2800703021,627,557,70
2800703022,396,382,14
2800703023,370,332,38
2800703024,532,483,49
2800703025,532,460,72
2800703026,430,371,59
2800703027,362,344,18
2800703028,285,256,29
2800703029,468,391,77
2800704001,447,326,121
2800704002,530,364,166
2800704003,709,479,230
2800704004,700,529,171
2800704005,553,417,136
2800704006,426,384,42
2800704007,857,793,64
2800704008,805,758,47
2800704009,773,598,175
2800704010,404,327,77
2800704011,650,515,135
2800704012,507,406,101
2800704013,644,509,135
2800704014,496,414,82
2800704015,790,721,69
2800704016,593,545,48
2800704017,525,459,66
2800704018,730,688,42
2800704019,454,438,16
2800704020,836,800,36
2800704021,612,505,107
2800704022,518,485,33
2800704023,1000,981,19
2800704024,781,768,13
2800704025,1193,1181,12
2800704026,1052,1026,26
2800704027,1407,1376,31
2800704028,1278,1262,16
2800704029,499,496,3
2800704030,1067,1024,43
2800704031,827,798,29
2800704032,938,909,29
2800704033,1083,1051,32
2800704034,1063,1033,30
2800704035,1031,951,80
2800801001,1377,1143,234
2800901001,1475,1236,239
2800901002,1372,1251,121
2800901003,988,870,118
2800901004,854,734,120
2800901005,1149,1053,96
2800901006,760,679,81
2800901007,1010,934,76
2800901008,1419,1346,73
2800901009,1095,1027,68
2801001001,1245,1131,114
2801001002,1104,976,128
2801001003,1097,1040,57
2801001004,1386,1291,95
2801001005,1496,1414,82
2801001006,652,597,55
2801101001,352,254,98
2801201001,647,595,52
2801301001,726,566,160
2801301002,1069,944,125
2801301003,816,707,109
2801301004,536,386,150
2801301005,706,502,204
2801301006,486,372,114
2801301007,607,568,39
2801301008,1061,1034,27
2801301009,766,711,55
2801302001,586,507,79
2801302002,1002,907,95
2801302003,1253,991,262
2801302004,679,623,56
2801302005,1118,903,215
2801302006,1001,824,177
2801302007,1353,1266,87
2801302008,1026,894,132
2801303001,547,461,86
2801303002,1230,1069,161
2801303003,1201,1057,144
2801303004,728,671,57
2801303005,877,782,95
2801303006,860,764,96
2801303007,832,792,40
2801303008,719,697,22
2801303009,607,584,23
2801303010,1118,1066,52
2801304001,455,393,62
2801304002,668,615,53
2801304003,754,663,91
2801304004,1387,1296,91
2801304005,1613,1423,190
2801401001,772,511,261
2801401002,1012,677,335
2801401003,872,536,336
2801401004,869,614,255
2801401005,1213,683,530
2801401006,434,306,128
2801401007,834,550,284
2801401008,708,562,146
2801401009,1202,810,392
2801401010,1224,966,258
2801401011,927,812,115
2801401012,1167,784,383
2801401013,1578,1121,457
2801401014,764,681,83
2801401015,900,727,173
2801401016,725,411,314
2801401017,1234,1045,189
2801401018,820,595,225
2801401019,966,793,173
2801401020,1089,1010,79
2801401021,1268,1214,54
2801401022,1347,1135,212
2801401023,874,759,115
2801401024,1277,1181,96
2801401025,1453,1315,138
2801401026,1477,1287,190
2801501001,499,445,54
2801501002,994,907,87
2801501003,918,848,70
2801501004,1003,956,47
2801501005,920,894,26
2801501006,1044,1012,32
2801501007,1225,1161,64
2801501008,1627,1573,54
2801501009,1331,1254,77
2801501010,1216,1170,46
2801501011,1525,1490,35
2801501012,917,871,46
2801501013,782,660,122
2801501014,623,585,38
2801601001,56,52,4
2801701001,823,776,47
2801801001,1360,1158,202
2801801002,1350,1239,111
2801901001,854,797,57
2802001001,120,108,12
2802101001,384,363,21
2802201001,925,722,203
2802201002,367,342,25
2802201003,1200,1131,69
2802201004,1081,995,86
2802201005,661,630,31
2802201006,837,766,71
2802201007,962,908,54
2802201008,595,475,120
2802201009,519,497,22
2802201010,1222,1158,64
2802201011,770,729,41
2802201012,1113,1066,47
2802201013,1435,1394,41
2802201014,885,859,26
2802201015,1129,1077,52
2802201016,998,974,24
2802201017,1062,1006,56
2802201018,1653,1603,50
2802201019,1028,942,86
2802201020,1256,1211,45
2802201021,991,959,32
2802201022,769,731,38
2802201023,1605,1536,69
2802201024,855,823,32
2802201025,1245,1188,57
2802301001,1198,1064,134
2802301002,1605,1429,176
2802301003,921,819,102
2802401001,122,105,17
2802501001,308,265,43
2802601001,857,624,233
2802601002,937,725,212
2802601003,809,744,65
2802601004,1126,985,141
2802601005,1396,1106,290
2802701001,887,714,173
2802801001,1197,1095,102
2802901001,371,355,16
2803001001,1278,1032,246
2803101001,1599,1304,295
2803201001,1437,1273,164
2803201002,1036,932,104
2803201003,1117,1043,74
2803301001,956,781,175
2803301002,1225,1035,190
2803301003,841,712,129
2803401001,241,224,17
2803501001,961,827,134
2803601001,990,924,66
2803601002,877,834,43
2803701001,542,479,63
2803701002,431,397,34
2803801001,1426,1212,214
2803801002,727,625,102
2803801003,1200,1116,84
2803901001,92,83,9
2804001001,1094,1021,73
2804001002,706,551,155
2804001003,783,668,115
2804002001,1270,1146,124
2804002002,707,601,106
2804002003,1441,1162,279
2804002004,1439,1300,139
2804002005,1071,926,145
2804002006,1117,1027,90
2804003001,1145,873,272
2804003002,1178,984,194
2804101001,985,836,149
2804101002,1317,1191,126
2804101003,1232,1118,114
2804201001,839,741,98
2804301001,601,564,37
2804301002,1046,967,79
2804302001,728,673,55
2804302002,713,669,44
2804302003,871,801,70
2804401001,933,754,179
2804401002,1553,1377,176
2804401003,1135,999,136
2804401004,813,778,35
2804501001,1203,1061,142
2804501002,1128,984,144
2804501003,843,664,179
2804501004,1049,889,160
2804501005,634,571,63
2804501006,1130,926,204
2804501007,992,722,270
2804501008,1189,1093,96
2804501009,720,576,144
2804501010,906,688,218
2804501011,643,601,42
2804501012,1180,1080,100
2804501013,1397,1287,110
2804501014,849,662,187
2804501015,790,673,117
2804501016,1332,1080,252
2804501017,1209,1054,155
2804501018,830,787,43
2804501019,626,597,29
2804501020,1063,1024,39
2804501021,1336,1306,30
2804501022,537,518,19
2804501023,1119,1072,47
2804501024,1324,1259,65
2804601001,782,694,88
2804601002,956,858,98
2804601003,978,826,152
2804601004,620,504,116
2804701001,1008,892,116
2804701002,524,301,223
2804701003,1033,966,67
2804701004,1727,1247,480
2804701005,1548,1148,400
2804701006,978,635,343
2804701007,1100,924,176
2804701008,786,689,97
2804701009,837,734,103
2804701010,749,547,202
2804701011,875,696,179
2804701012,928,650,278
2804701013,1228,928,300
2804701014,1085,860,225
2804701015,781,528,253
2804701016,1484,1249,235
2804701017,852,800,52
2804701018,988,867,121
2804701019,1032,951,81
2804701020,1044,983,61
2804701021,944,844,100
2804701022,975,833,142
2804701023,642,528,114
2804701024,811,751,60
2804701025,994,908,86
2804701026,1185,1105,80
2804701027,806,764,42
2804701028,796,725,71
2804701029,902,601,301
2804701030,898,682,216
2804701031,729,696,33
2804801001,363,340,23
2804901001,464,314,150
2804901002,797,633,164
2804901003,629,377,252
2804901004,1104,799,305
2804901005,630,482,148
2804901006,758,587,171
2804901007,1233,890,343
2804901008,623,375,248
2804901009,619,375,244
2804901010,719,428,291
2804901011,470,286,184
2804901013,747,481,266
2804901014,488,334,154
2804901015,687,475,212
2804901016,583,392,191
2804901017,689,562,127
2804901018,680,667,13
2804901019,811,782,29
2804901020,656,629,27
2804901021,1157,1098,59
2804901022,715,686,29
2804901023,949,917,32
2804901024,1175,1106,69
2804902001,870,770,100
2804902002,557,461,96
2804902003,500,424,76
2804902004,870,678,192
2804902005,981,891,90
2804902006,1071,1026,45
2804902007,365,265,100
2804902008,612,446,166
2804902009,457,380,77
2804902010,522,423,99
2804902011,566,453,113
2804902012,655,509,146
2804902013,408,324,84
2804902014,801,664,137
2804902015,1009,873,136
2804902016,1135,1007,128
2804902017,532,493,39
2804902018,546,517,29
2804902019,695,671,24
2804902020,744,730,14
2804902021,608,527,81
2804903001,879,726,153
2804903002,884,673,211
2804903003,882,802,80
2804903004,1013,928,85
2804903005,854,806,48
2804903006,861,814,47
2804903007,745,680,65
2804903008,474,384,90
2804903009,872,649,223
2804904002,1431,1032,399
2805001001,678,634,44
2805001002,1216,1158,58
2805001003,1130,1051,79
2805101001,1135,996,139
2805201001,1038,898,140
2805201002,1044,925,119
2805201003,563,516,47
2805301001,1010,868,142
2805301002,1226,1184,42
2805301003,1437,1343,94
2805301004,1366,1304,62
2805401001,1161,978,183
2805401002,1244,1053,191
2805401003,887,821,66
2805401004,948,866,82
2805402001,1329,1228,101
2805402002,720,658,62
2805402003,619,593,26
2805402004,767,735,32
2805501001,640,508,132
2805601001,792,590,202
2805701001,1109,1024,85
2805801002,783,666,117
2805801003,561,473,88
2805801004,1270,1114,156
2805801005,660,556,104
2805801006,552,472,80
2805801007,456,395,61
2805802001,701,581,120
2805802002,840,743,97
2805802003,711,619,92
2805802004,634,581,53
2805802005,574,504,70
2805802006,667,583,84
2805802007,484,371,113
2805802008,617,494,123
2805802009,924,850,74
2805802010,621,532,89
2805802011,801,711,90
2805802012,906,739,167
2805802013,478,426,52
2805802014,500,459,41
2805802015,378,355,23
2805802016,565,451,114
2805802017,476,431,45
2805803001,626,554,72
2805803002,683,612,71
2805803003,925,670,255
2805803004,868,628,240
2805803005,668,547,121
2805803006,674,550,124
2805803007,987,738,249
2805803008,1199,1091,108
2805803009,895,829,66
2805803010,680,619,61
2805804001,852,558,294
2805804002,782,555,227
2805804003,869,685,184
2805804004,634,513,121
2805804005,1000,788,212
2805804006,1006,855,151
2805804007,1158,1037,121
2805804008,1112,1058,54
2805804009,804,675,129
2805804010,797,657,140
2805804011,602,503,99
2805804012,491,362,129
2805804013,803,685,118
2805804014,934,902,32
2805804015,1131,1089,42
2805804016,665,642,23
2805805001,1335,1180,155
2805805002,1124,1029,95
2805805003,578,490,88
2805805004,524,481,43
2805805005,919,645,274
2805805006,1114,903,211
2805806001,486,450,36
2805806002,739,698,41
2805806003,1060,984,76
2805806004,1037,989,48
2805806005,1085,1008,77
2805806006,856,790,66
2805806007,844,768,76
2805806008,959,872,87
2805806009,1010,915,95
2805806010,863,777,86
2805806011,859,772,87
2805806012,776,696,80
2805806013,1091,978,113
2805806014,1106,1027,79
2805806015,923,864,59
2805806016,945,894,51
2805806017,867,836,31
2805806018,725,672,53
2805806019,817,772,45
2805807001,786,600,186
2805807002,808,700,108
2805807003,879,748,131
2805807004,1042,846,196
2805807005,596,531,65
2805807006,875,804,71
2805807007,768,746,22
2805807008,475,437,38
2805807009,525,421,104
2805807010,457,421,36
2805807011,638,574,64
2805807012,518,441,77
2805807013,595,531,64
2805807014,908,877,31
2805807015,903,842,61
2805807016,1222,1173,49
2805808001,735,657,78
2805808002,432,339,93
2805808003,388,350,38
2805808004,620,566,54
2805808005,616,508,108
2805808006,820,724,96
2805808007,899,785,114
2805808008,976,886,90
2805808009,1068,936,132
2805808010,666,605,61
2805808011,528,476,52
2805808012,689,637,52
2805808013,922,834,88
2805808014,600,526,74
2805808015,815,741,74
2805808016,847,818,29
2805809001,729,649,80
2805809002,1309,1231,78
2805809003,863,796,67
2805809004,1071,1047,24
2805809005,1126,1085,41
2805809006,1054,1003,51
2805809007,981,903,78
2805809008,1300,1261,39
2805809009,1296,1244,52
2805809010,1103,1043,60
2805809011,1151,1106,45
2805809012,992,970,22
2805901001,1459,1240,219
2805901002,869,825,44
2805901003,930,702,228
2806001001,1003,928,75
2806101001,1531,1264,267
2806101002,1549,1245,304
2806101003,1448,1050,398
2806101004,1447,1120,327
2806101005,1201,1122,79
2806101006,1051,993,58
2806101007,998,955,43
2806101008,1133,1074,59
2806101009,1401,1330,71
2806101010,604,578,26
2806101011,1768,1215,553
2806101012,1249,1052,197
2806101013,768,682,86
2806201001,181,174,7
2806301001,176,164,12
2806401001,105,98,7
2806501002,1042,834,208
2806501003,348,307,41
2806501004,610,482,128
2806501005,1064,911,153
2806501006,1334,1157,177
2806501007,506,453,53
2806501008,709,596,113
2806501009,484,426,58
2806501010,702,559,143
2806501011,956,795,161
2806501012,640,511,129
2806501013,516,447,69
2806501014,744,590,154
2806501015,670,578,92
2806501016,641,527,114
2806501017,588,472,116
2806501018,694,626,68
2806501019,555,428,127
2806502001,654,557,97
2806502002,567,462,105
2806502003,797,658,139
2806502004,663,466,197
2806502005,715,538,177
2806502006,605,415,190
2806502007,643,415,228
2806502009,613,473,140
2806502010,952,782,170
2806502011,478,357,121
2806502012,810,687,123
2806502013,1050,906,144
2806502014,691,540,151
2806502015,422,346,76
2806502016,1294,1198,96
2806502017,1184,1171,13
2806502018,925,869,56
2806502019,1177,1145,32
2806502020,1157,1097,60
2806502021,1286,1245,41
2806503001,661,530,131
2806503002,471,388,83
2806503003,704,509,195
2806503004,564,417,147
2806503005,515,407,108
2806503006,712,531,181
2806503007,746,624,122
2806503008,646,524,122
2806503009,1003,861,142
2806503010,554,439,115
2806503011,525,399,126
2806503012,672,537,135
2806503013,490,427,63
2806503014,578,468,110
2806503015,449,387,62
2806503016,584,463,121
2806503017,389,386,3
2806503018,507,497,10
2806503019,767,753,14
2806503020,332,319,13
2806503021,425,417,8
2806503022,596,564,32
2806503023,341,332,9
2806503024,501,480,21
2806503025,556,535,21
2806503026,429,415,14
2806503027,488,476,12
2806503028,838,678,160
2806503029,725,688,37
2806503030,919,865,54
2806503031,434,424,10
2806503032,591,540,51
2806503033,1663,1585,78
2806503034,837,820,17
2806503035,924,876,48
2806503036,1011,924,87
2806503037,1022,990,32
2806503038,1381,1340,41
2806503039,1073,1009,64
2806503040,943,924,19
2806503041,604,589,15
2806503042,1634,1572,62
2806503043,1808,1749,59
2806503044,1048,930,118
2806504001,686,519,167
2806504002,712,552,160
2806504003,826,681,145
2806504004,608,462,146
2806504005,426,368,58
2806504006,540,448,92
2806504007,613,519,94
2806504008,442,339,103
2806504009,698,545,153
2806504010,696,515,181
2806504011,433,384,49
2806504012,574,497,77
2806504013,656,526,130
2806504014,589,503,86
2806504015,663,555,108
2806504016,732,534,198
2806504017,609,499,110
2806504018,696,579,117
2806504021,338,272,66
2806504023,675,568,107
2806504024,376,304,72
2806504025,354,294,60
2806504026,685,584,101
2806504027,776,728,48
2806504028,692,654,38
2806504029,1404,1259,145
2806504030,1216,1179,37
2806504031,875,842,33
2806504032,1177,1111,66
2806504033,1607,1491,116
2806504034,2278,2224,54
2806504035,1494,1423,71
2806601001,1354,1257,97
2806601002,801,707,94
2806601003,1313,1233,80
2806601004,677,652,25
2806601005,856,815,41
2806701001,1031,857,174
2806701002,1066,971,95
2806701003,931,836,95
2806801001,439,360,79
2806801002,1298,1150,148
2806801003,979,808,171
2806801004,1112,1019,93
2806801005,932,841,91
2806801006,898,807,91
2806801007,1019,959,60
2806801008,1009,952,57
2806901001,33,33,0
2807001001,78,74,4
2807101001,43,33,10
2807201001,1565,1371,194
2807201002,1417,1280,137
2807201003,1057,975,82
2807301001,1375,1251,124
2807301002,1374,1064,310
2807301003,883,701,182
2807301004,896,743,153
2807301005,1171,993,178
2807301006,1407,1168,239
2807301007,1478,1374,104
2807301008,1275,1155,120
2807401001,525,454,71
2807401002,359,311,48
2807401003,655,553,102
2807401004,433,381,52
2807401005,597,536,61
2807401006,791,694,97
2807401007,547,488,59
2807401008,459,399,60
2807401009,765,675,90
2807401010,414,355,59
2807401011,587,484,103
2807401012,441,351,90
2807401013,422,375,47
2807401014,532,460,72
2807401015,374,304,70
2807401016,605,491,114
2807401017,445,375,70
2807401018,903,822,81
2807401019,429,373,56
2807401020,663,623,40
2807401021,409,338,71
2807401022,469,387,82
2807401023,485,383,102
2807401024,738,664,74
2807401025,925,834,91
2807401026,620,613,7
2807402001,673,553,120
2807402002,496,414,82
2807402003,703,564,139
2807402004,440,361,79
2807402005,451,368,83
2807402006,437,344,93
2807402008,585,457,128
2807402009,465,377,88
2807402010,485,382,103
2807402011,530,482,48
2807402012,352,309,43
2807402013,743,615,128
2807402014,455,390,65
2807402015,548,462,86
2807402016,467,388,79
2807402017,571,456,115
2807402019,682,562,120
2807402020,522,457,65
2807402021,395,321,74
2807402022,345,331,14
2807403001,545,476,69
2807403002,612,497,115
2807403003,547,417,130
2807403004,527,425,102
2807403005,377,289,88
2807403006,560,481,79
2807403007,630,529,101
2807403008,796,637,159
2807403012,904,707,197
2807403013,733,556,177
2807403014,770,688,82
2807403015,959,917,42
2807403016,761,734,27
2807403017,604,573,31
2807403018,1121,1016,105
2807403019,752,726,26
2807403020,1175,1125,50
2807403021,1397,1358,39
2807403022,925,897,28
2807403023,1479,1442,37
2807404001,621,533,88
2807404002,604,510,94
2807404003,586,531,55
2807404004,465,412,53
2807404005,557,525,32
2807404006,444,390,54
2807404007,523,477,46
2807404008,488,442,46
2807404009,591,527,64
2807404010,662,601,61
2807404011,400,377,23
2807404012,435,373,62
2807404013,592,553,39
2807404014,441,387,54
2807404015,491,461,30
2807404016,391,367,24
2807404017,603,566,37
2807404018,514,457,57
2807404019,638,586,52
2807404020,503,444,59
2807404021,501,448,53
2807404022,500,443,57
2807404023,545,509,36
2807404024,543,510,33
2807404025,559,489,70
2807404026,474,419,55
2807404027,416,358,58
2807404028,491,441,50
2807404029,519,484,35
2807404030,480,452,28
2807404031,430,377,53
2807404032,641,591,50
2807404033,511,462,49
2807404034,495,459,36
2807404035,584,532,52
2807404036,611,546,65
2807404037,582,544,38
2807404038,472,435,37
2807404039,458,433,25
2807404040,486,466,20
2807404041,452,435,17
2807405001,771,718,53
2807405002,1015,966,49
2807405003,852,797,55
2807405004,484,471,13
2807405005,709,673,36
2807405006,658,621,37
2807405007,794,717,77
2807405008,494,471,23
2807405009,807,772,35
2807405010,1359,1310,49
2807405011,497,468,29
2807405012,1609,1498,111
2807405013,679,675,4
2807405014,644,630,14
2807405015,649,627,22
2807405016,1111,1041,70
2807405017,915,845,70
2807405018,643,581,62
2807405019,1331,1286,45
2807406001,642,540,102
2807406002,480,411,69
2807406003,1256,1131,125
2807406004,795,633,162
2807406005,692,568,124
2807406006,554,433,121
2807406008,877,749,128
2807406010,951,913,38
2807407001,577,570,7
2807407002,874,854,20
2807407003,1024,1008,16
2807407004,1376,1345,31
2807407005,1201,1180,21
2807407006,1610,1537,73
2807501001,1080,942,138
2807501002,1573,1407,166
2807501003,1651,1528,123
2807601001,292,240,52
2807801001,29,25,4
2807901001,533,457,76
2807901002,415,296,119
2807901003,888,625,263
2807901004,581,496,85
2807901006,839,708,131
2807901007,404,345,59
2807901008,393,328,65
2807901009,571,481,90
2807901011,505,434,71
2807901012,370,307,63
2807901013,524,409,115
2807901014,621,526,95
2807901015,897,677,220
2807901016,503,420,83
2807901018,797,683,114
2807901019,551,494,57
2807901020,557,503,54
2807901021,872,751,121
2807901022,555,450,105
2807901023,656,519,137
2807901024,605,465,140
2807901025,430,341,89
2807901026,692,554,138
2807901027,619,488,131
2807901028,723,530,193
2807901029,717,538,179
2807901030,517,381,136
2807901031,562,441,121
2807901032,890,729,161
2807901033,657,496,161
2807901034,908,455,453
2807901035,797,519,278
2807901036,552,418,134
2807901037,567,396,171
2807901038,612,391,221
2807901039,534,365,169
2807901040,411,287,124
2807901041,540,313,227
2807901042,591,377,214
2807901043,651,372,279
2807901045,679,458,221
2807901046,809,585,224
2807901047,1225,799,426
2807901048,698,488,210
2807901049,707,424,283
2807901050,701,461,240
2807901051,728,488,240
2807901053,654,473,181
2807901054,450,290,160
2807901055,500,389,111
2807901056,396,328,68
2807901057,613,529,84
2807901058,328,262,66
2807901059,680,568,112
2807901061,371,312,59
2807901062,463,390,73
2807901063,370,304,66
2807901064,349,274,75
2807901065,390,314,76
2807901066,771,568,203
2807901067,538,404,134
2807901068,412,330,82
2807901069,477,341,136
2807901071,326,274,52
2807901072,771,641,130
2807901073,682,580,102
2807901074,804,597,207
2807901075,745,526,219
2807901076,706,501,205
2807901077,596,501,95
2807901079,660,536,124
2807901081,820,598,222
2807901082,774,623,151
2807901084,655,558,97
2807901087,588,507,81
2807901088,497,431,66
2807901089,626,535,91
2807901090,373,309,64
2807901091,485,380,105
2807901092,343,277,66
2807901093,683,522,161
2807901094,701,543,158
2807901095,743,546,197
2807901096,519,362,157
2807901097,683,563,120
2807901098,563,442,121
2807901099,553,450,103
2807901100,523,433,90
2807901101,577,437,140
2807901102,528,422,106
2807901103,586,511,75
2807901104,555,447,108
2807901105,531,438,93
2807901106,476,433,43
2807901107,496,440,56
2807901108,624,538,86
2807901109,417,332,85
2807901110,422,343,79
2807901111,429,341,88
2807901112,527,373,154
2807901113,570,409,161
2807901114,758,570,188
2807901115,508,375,133
2807901116,690,507,183
2807901117,808,606,202
2807901118,466,336,130
2807901119,544,367,177
2807901120,383,288,95
2807901121,808,619,189
2807901123,344,277,67
2807901124,353,278,75
2807902001,493,419,74
2807902002,657,581,76
2807902003,562,523,39
2807902004,473,442,31
2807902005,339,310,29
2807902006,1021,978,43
2807902007,341,318,23
2807902008,777,686,91
2807902009,920,899,21
2807902010,452,409,43
2807902011,608,580,28
2807902013,513,483,30
2807902014,515,478,37
2807902015,747,669,78
2807902016,837,794,43
2807902017,831,799,32
2807902018,979,943,36
2807902019,730,711,19
2807902020,472,435,37
2807902021,487,438,49
2807902022,474,378,96
2807902023,550,470,80
2807902024,737,644,93
2807902025,357,290,67
2807902026,589,529,60
2807902027,431,415,16
2807902028,410,344,66
2807902029,321,259,62
2807902030,595,557,38
2807902031,529,513,16
2807902032,279,255,24
2807902033,558,525,33
2807902034,415,374,41
2807902035,450,401,49
2807902036,428,400,28
2807902037,533,510,23
2807902038,419,399,20
2807902039,287,268,19
2807902040,742,675,67
2807902041,901,760,141
2807902042,801,699,102
2807902043,481,425,56
2807902044,782,643,139
2807902045,488,367,121
2807902046,599,453,146
2807902047,679,501,178
2807902048,530,434,96
2807902049,817,784,33
2807902050,726,574,152
2807902051,781,727,54
2807902052,690,669,21
2807902053,753,687,66
2807902054,527,458,69
2807902055,541,471,70
2807902056,490,414,76
2807902057,681,550,131
2807902058,681,543,138
2807902059,325,286,39
2807902060,571,493,78
2807902061,380,329,51
2807902062,464,392,72
2807902063,695,605,90
2807902064,764,679,85
2807902065,714,601,113
2807902066,1252,1104,148
2807902067,634,537,97
2807902068,552,429,123
2807902069,371,327,44
2807902070,613,552,61
2807902071,651,570,81
2807902072,742,634,108
2807902073,817,698,119
2807902074,815,710,105
2807902075,927,734,193
2807902077,508,424,84
2807902078,374,304,70
2807902079,527,472,55
2807902080,453,407,46
2807902081,500,414,86
2807902082,614,477,137
2807902083,543,527,16
2807902085,622,604,18
2807902086,632,589,43
2807902087,1034,1004,30
2807902088,317,295,22
2807902089,525,500,25
2807902090,867,846,21
2807902091,555,530,25
2807902092,840,800,40
2807902093,749,729,20
2807902094,860,849,11
2807902095,777,740,37
2807902096,819,806,13
2807902097,1334,1274,60
2807902098,623,582,41
2807902099,1578,1460,118
2807902100,678,626,52
2807902101,771,721,50
2807902102,885,853,32
2807902103,1240,1129,111
2807902104,1234,1161,73
2807902105,1248,1150,98
2807902106,1175,1122,53
2807902107,625,596,29
2807902108,469,451,18
2807902109,660,623,37
2807902110,773,734,39
2807903001,817,794,23
2807903002,445,385,60
2807903003,381,352,29
2807903004,426,361,65
2807903005,338,294,44
2807903006,931,894,37
2807903007,411,335,76
2807903008,480,446,34
2807903009,409,380,29
2807903010,462,445,17
2807903011,461,424,37
2807903012,434,411,23
2807903013,459,422,37
2807903014,592,545,47
2807903015,454,395,59
2807903016,341,292,49
2807903017,514,489,25
2807903018,805,732,73
2807903019,835,808,27
2807903020,544,496,48
2807903021,761,692,69
2807903022,494,389,105
2807903023,470,425,45
2807903024,551,499,52
2807903025,1033,963,70
2807903026,793,719,74
2807903027,539,494,45
2807903028,709,642,67
2807903029,682,647,35
2807903030,353,352,1
2807903031,484,456,28
2807903032,458,440,18
2807903033,703,662,41
2807903034,631,606,25
2807903035,539,521,18
2807903036,440,432,8
2807903037,677,667,10
2807903038,527,510,17
2807903039,414,409,5
2807903040,375,365,10
2807903041,559,538,21
2807903042,487,467,20
2807903044,486,467,19
2807903045,511,493,18
2807903046,420,406,14
2807903047,698,653,45
2807903048,483,456,27
2807903049,791,752,39
2807903050,533,490,43
2807903051,509,471,38
2807903052,418,387,31
2807903053,612,559,53
2807903054,598,560,38
2807903055,387,326,61
2807903056,487,460,27
2807903057,460,422,38
2807903058,536,467,69
2807903059,501,438,63
2807903060,321,289,32
2807903061,394,332,62
2807903062,280,252,28
2807903063,355,320,35
2807903064,442,423,19
2807903065,331,310,21
2807903066,404,365,39
2807903067,498,457,41
2807903069,492,438,54
2807903070,364,335,29
2807903071,724,619,105
2807903073,741,684,57
2807903074,494,477,17
2807903076,488,475,13
2807903077,751,722,29
2807903078,681,653,28
2807903079,545,514,31
2807903080,781,742,39
2807903081,858,840,18
2807903082,674,652,22
2807903084,703,663,40
2807903085,385,373,12
2807903086,441,420,21
2807903087,820,798,22
2807903088,275,257,18
2807903089,926,909,17
2807903090,578,574,4
2807903091,813,804,9
2807903092,1021,992,29
2807903093,576,569,7
2807903094,357,355,2
2807903095,896,861,35
2807903096,931,896,35
2807903097,1170,1110,60
2807903098,868,795,73
2807903099,604,567,37
2807904001,424,333,91
2807904002,485,413,72
2807904003,358,320,38
2807904004,395,338,57
2807904005,388,358,30
2807904006,423,356,67
2807904007,610,515,95
2807904008,527,431,96
2807904009,774,714,60
2807904010,360,319,41
2807904011,657,590,67
2807904012,563,508,55
2807904013,432,374,58
2807904014,539,457,82
2807904015,543,477,66
2807904016,546,477,69
2807904017,553,480,73
2807904018,517,473,44
2807904019,326,277,49
2807904020,308,261,47
2807904021,394,352,42
2807904023,353,309,44
2807904024,540,446,94
2807904025,364,327,37
2807904026,364,324,40
2807904027,676,572,104
2807904028,595,520,75
2807904029,626,573,53
2807904030,619,568,51
2807904031,393,343,50
2807904032,346,303,43
2807904033,452,417,35
2807904034,683,623,60
2807904035,609,545,64
2807904036,348,324,24
2807904037,349,310,39
2807904038,434,369,65
2807904039,354,323,31
2807904040,344,328,16
2807904041,427,371,56
2807904042,563,524,39
2807904043,605,568,37
2807904044,682,616,66
2807904045,598,550,48
2807904046,271,257,14
2807904047,489,457,32
2807904048,426,367,59
2807904049,620,525,95
2807904050,280,250,30
2807904051,523,455,68
2807904052,497,425,72
2807904053,467,424,43
2807904054,554,515,39
2807904055,702,650,52
2807904056,661,595,66
2807904057,470,416,54
2807904058,577,497,80
2807904060,573,502,71
2807904061,627,577,50
2807904062,621,499,122
2807904063,735,628,107
2807904064,459,414,45
2807904065,732,664,68
2807904067,450,399,51
2807904068,444,405,39
2807904069,690,630,60
2807904070,606,477,129
2807904071,543,496,47
2807904072,308,292,16
2807904073,624,608,16
2807904074,516,488,28
2807904075,439,430,9
2807904076,437,427,10
2807904077,505,493,12
2807904078,313,308,5
2807904079,527,510,17
2807904080,352,344,8
2807904081,487,470,17
2807904082,363,351,12
2807904083,332,315,17
2807904084,356,336,20
2807904085,876,809,67
2807904086,1159,1043,116
2807904087,1042,916,126
2807904088,844,739,105
2807904089,327,290,37
2807904090,523,457,66
2807904091,631,518,113
2807904092,395,359,36
2807904093,483,406,77
2807904094,591,524,67
2807904095,303,246,57
2807904096,341,304,37
2807904097,403,354,49
2807904098,571,535,36
2807904099,462,402,60
2807904100,341,318,23
2807904101,357,268,89
2807904102,448,357,91
2807904103,517,430,87
2807904104,504,424,80
2807904105,485,439,46
2807904106,475,404,71
2807904107,319,287,32
2807904108,434,375,59
2807904109,708,657,51
2807904110,483,425,58
2807904111,746,692,54
2807904112,492,423,69
2807904113,490,433,57
2807904114,637,591,46
2807904115,797,731,66
2807904116,426,355,71
2807904117,360,313,47
2807904118,365,306,59
2807904119,588,506,82
2807904120,412,388,24
2807904121,537,507,30
2807904123,625,539,86
2807904124,461,332,129
2807904126,618,522,96
2807904127,465,330,135
2807904128,467,325,142
2807904129,302,231,71
2807904130,362,294,68
2807905001,469,433,36
2807905002,744,663,81
2807905003,861,798,63
2807905004,641,598,43
2807905005,614,585,29
2807905006,553,515,38
2807905007,852,816,36
2807905008,710,639,71
2807905009,550,501,49
2807905010,433,359,74
2807905011,361,309,52
2807905012,524,439,85
2807905013,360,335,25
2807905014,463,403,60
2807905015,456,392,64
2807905016,359,298,61
2807905017,581,508,73
2807905018,532,460,72
2807905019,407,353,54
2807905020,535,482,53
2807905021,354,299,55
2807905022,613,544,69
2807905023,613,587,26
2807905024,379,363,16
2807905025,486,457,29
2807905026,708,647,61
2807905027,706,635,71
2807905028,838,736,102
2807905029,818,694,124
2807905030,583,496,87
2807905031,431,393,38
2807905032,608,520,88
2807905033,919,852,67
2807905034,732,668,64
2807905035,557,526,31
2807905036,772,735,37
2807905037,570,557,13
2807905038,879,820,59
2807905039,738,678,60
2807905040,294,266,28
2807905041,503,416,87
2807905042,612,563,49
2807905043,498,447,51
2807905044,690,596,94
2807905045,766,675,91
2807905046,726,644,82
2807905047,735,626,109
2807905048,504,456,48
2807905049,509,487,22
2807905051,607,572,35
2807905052,583,551,32
2807905053,988,942,46
2807905054,730,689,41
2807905055,675,627,48
2807905056,633,592,41
2807905057,475,438,37
2807905058,817,769,48
2807905059,301,287,14
2807905060,597,545,52
2807905061,930,891,39
2807905062,733,704,29
2807905063,388,362,26
2807905064,989,925,64
2807905065,476,444,32
2807905066,560,525,35
2807905067,1040,982,58
2807905068,776,742,34
2807905069,420,409,11
2807905070,921,856,65
2807905072,713,684,29
2807905073,732,699,33
2807905074,637,595,42
2807905075,830,778,52
2807905076,1039,957,82
2807905077,621,590,31
2807905078,446,413,33
2807905079,794,689,105
2807905080,448,416,32
2807905081,963,926,37
2807905082,1126,1071,55
2807905083,833,746,87
2807905084,824,763,61
2807905085,789,729,60
2807905086,562,481,81
2807905087,840,789,51
2807905088,360,345,15
2807905089,308,296,12
2807905090,435,412,23
2807905091,411,378,33
2807905092,608,490,118
2807905094,1252,1147,105
2807905095,855,839,16
2807905096,588,530,58
2807905097,687,640,47
2807905098,500,474,26
2807905099,839,797,42
2807905100,961,924,37
2807905101,1151,1106,45
2807905102,414,406,8
2807906001,605,469,136
2807906002,442,359,83
2807906003,684,557,127
2807906004,590,426,164
2807906005,450,349,101
2807906006,432,323,109
2807906007,474,372,102
2807906008,508,408,100
2807906009,518,450,68
2807906010,804,757,47
2807906011,534,441,93
2807906012,434,344,90
2807906013,507,363,144
2807906014,493,408,85
2807906015,543,392,151
2807906016,772,551,221
2807906017,462,360,102
2807906018,598,443,155
2807906019,962,649,313
2807906021,826,571,255
2807906023,495,427,68
2807906024,326,275,51
2807906025,466,344,122
2807906026,410,354,56
2807906027,532,469,63
2807906028,605,575,30
2807906029,745,666,79
2807906031,511,461,50
2807906032,456,369,87
2807906033,648,480,168
2807906034,440,362,78
2807906035,708,545,163
2807906036,470,378,92
2807906037,490,399,91
2807906038,372,354,18
2807906039,368,346,22
2807906040,512,486,26
2807906041,850,744,106
2807906042,856,655,201
2807906043,673,551,122
2807906044,461,439,22
2807906045,513,495,18
2807906046,717,649,68
2807906048,433,421,12
2807906049,351,328,23
2807906050,291,270,21
2807906051,503,477,26
2807906052,439,398,41
2807906053,571,465,106
2807906054,532,440,92
2807906056,1036,754,282
2807906057,626,559,67
2807906058,532,466,66
2807906059,480,411,69
2807906060,379,350,29
2807906061,458,428,30
2807906062,891,829,62
2807906063,553,512,41
2807906064,333,321,12
2807906065,404,369,35
2807906066,580,494,86
2807906067,525,401,124
2807906068,538,457,81
2807906069,656,531,125
2807906070,592,501,91
2807906071,432,402,30
2807906072,896,758,138
2807906073,745,646,99
2807906074,402,375,27
2807906075,479,424,55
2807906076,427,366,61
2807906077,392,350,42
2807906078,448,419,29
2807906079,450,414,36
2807906080,429,355,74
2807906081,1120,967,153
2807906084,724,673,51
2807906085,746,603,143
2807906089,612,554,58
2807906090,897,755,142
2807906091,664,534,130
2807906092,511,430,81
2807906093,600,445,155
2807906094,870,695,175
2807906095,526,436,90
2807906096,541,431,110
2807906097,680,576,104
2807906098,351,323,28
2807906099,729,594,135
2807906101,596,513,83
2807906102,772,642,130
2807906103,777,628,149
2807906104,585,461,124
2807906105,857,685,172
2807906106,554,423,131
2807906107,582,466,116
2807906108,600,410,190
2807906109,869,635,234
2807906110,649,515,134
2807906111,923,772,151
2807906112,476,389,87
2807906113,474,424,50
2807906114,828,701,127
2807906115,470,363,107
2807906116,958,757,201
2807906117,881,697,184
2807906118,415,305,110
2807906119,413,316,97
2807906120,608,449,159
2807906121,527,424,103
2807906122,738,602,136
2807906123,555,422,133
2807906124,439,349,90
2807906125,749,708,41
2807906126,600,459,141
2807906127,686,638,48
2807906128,612,562,50
2807906129,858,724,134
2807907001,451,396,55
2807907002,388,336,52
2807907003,528,428,100
2807907004,414,362,52
2807907005,274,236,38
2807907006,568,538,30
2807907007,387,359,28
2807907008,565,538,27
2807907009,381,320,61
2807907010,476,416,60
2807907011,469,408,61
2807907012,608,538,70
2807907013,384,362,22
2807907014,444,404,40
2807907016,598,524,74
2807907017,395,366,29
2807907018,669,618,51
2807907019,522,483,39
2807907021,793,754,39
2807907023,438,419,19
2807907024,294,261,33
2807907025,511,448,63
2807907026,754,685,69
2807907028,511,491,20
2807907030,482,443,39
2807907031,333,298,35
2807907032,554,481,73
2807907034,638,556,82
2807907035,314,287,27
2807907036,761,671,90
2807907038,439,377,62
2807907039,386,335,51
2807907040,439,373,66
2807907041,544,487,57
2807907042,445,435,10
2807907043,507,466,41
2807907044,433,409,24
2807907045,429,364,65
2807907046,335,278,57
2807907047,492,426,66
2807907048,799,713,86
2807907049,318,298,20
2807907050,358,307,51
2807907051,340,282,58
2807907052,301,262,39
2807907053,595,504,91
2807907055,326,283,43
2807907056,324,291,33
2807907057,605,535,70
2807907058,546,477,69
2807907059,351,288,63
2807907060,385,329,56
2807907061,504,463,41
2807907062,460,405,55
2807907063,577,523,54
2807907064,497,449,48
2807907065,569,476,93
2807907066,471,412,59
2807907067,447,403,44
2807907068,482,431,51
2807907069,417,359,58
2807907070,555,472,83
2807907071,483,432,51
2807907072,759,691,68
2807907073,557,496,61
2807907075,477,396,81
2807907076,394,355,39
2807907078,454,401,53
2807907079,396,354,42
2807907080,561,499,62
2807907081,611,545,66
2807907082,512,453,59
2807907083,335,290,45
2807907084,452,417,35
2807907085,616,532,84
2807907086,362,334,28
2807907087,436,388,48
2807907088,481,441,40
2807907089,666,557,109
2807907090,445,352,93
2807907091,304,263,41
2807907092,594,529,65
2807907093,582,508,74
2807907094,647,589,58
2807907095,649,614,35
2807907096,491,444,47
2807907097,342,291,51
2807907098,418,394,24
2807907099,394,361,33
2807907100,405,355,50
2807907101,530,455,75
2807907102,607,547,60
2807907103,680,594,86
2807907105,467,431,36
2807907106,573,502,71
2807907107,407,382,25
2807907108,436,395,41
2807907109,536,486,50
2807907110,457,382,75
2807907111,566,504,62
2807907112,282,255,27
2807907113,271,242,29
2807907114,795,743,52
2807907115,669,624,45
2807907116,476,439,37
2807907117,553,463,90
2807907118,605,546,59
2807907119,547,514,33
2807907120,486,472,14
2807907121,745,704,41
2807907122,499,437,62
2807907123,471,447,24
2807907124,320,296,24
2807907125,409,395,14
2807907126,420,410,10
2807907127,562,544,18
2807907128,347,324,23
2807907129,367,346,21
2807907130,520,488,32
2807907131,541,521,20
2807907132,397,356,41
2807907133,485,478,7
2807907134,306,306,0
2807907135,427,390,37
2807908001,368,364,4
2807908002,415,397,18
2807908003,516,497,19
2807908004,367,360,7
2807908005,427,394,33
2807908006,462,453,9
2807908007,538,515,23
2807908008,708,650,58
2807908009,785,709,76
2807908010,399,375,24
2807908011,345,312,33
2807908012,625,593,32
2807908013,1228,1189,39
2807908014,366,351,15
2807908015,463,434,29
2807908016,395,345,50
2807908017,824,757,67
2807908018,380,335,45
2807908019,389,343,46
2807908020,368,319,49
2807908021,462,408,54
2807908022,460,425,35
2807908023,490,433,57
2807908024,886,839,47
2807908025,364,346,18
2807908026,653,594,59
2807908027,607,549,58
2807908028,545,489,56
2807908029,664,640,24
2807908030,715,692,23
2807908031,699,683,16
2807908032,334,303,31
2807908033,514,501,13
2807908034,806,794,12
2807908035,691,662,29
2807908036,705,676,29
2807908037,387,383,4
2807908038,369,357,12
2807908039,475,459,16
2807908040,508,492,16
2807908041,333,320,13
2807908042,631,605,26
2807908043,647,636,11
2807908044,770,749,21
2807908045,397,369,28
2807908046,498,435,63
2807908047,597,525,72
2807908048,459,417,42
2807908049,1100,1051,49
2807908050,840,787,53
2807908051,630,613,17
2807908052,887,822,65
2807908053,537,450,87
2807908054,545,524,21
2807908055,707,682,25
2807908056,558,537,21
2807908057,505,484,21
2807908058,413,394,19
2807908059,385,369,16
2807908060,619,587,32
2807908061,446,403,43
2807908062,304,277,27
2807908063,368,324,44
2807908064,552,482,70
2807908065,443,387,56
2807908066,347,302,45
2807908067,651,575,76
2807908068,454,389,65
2807908069,394,335,59
2807908071,440,398,42
2807908072,423,365,58
2807908073,382,338,44
2807908074,425,372,53
2807908075,394,338,56
2807908076,386,331,55
2807908077,451,393,58
2807908078,382,339,43
2807908079,452,402,50
2807908080,396,349,47
2807908081,449,417,32
2807908082,441,388,53
2807908083,459,390,69
2807908084,424,353,71
2807908085,387,341,46
2807908086,350,324,26
2807908087,371,299,72
2807908088,401,338,63
2807908089,322,286,36
2807908090,531,515,16
2807908091,375,322,53
2807908092,431,391,40
2807908093,466,421,45
2807908094,554,508,46
2807908095,779,753,26
2807908096,728,711,17
2807908097,394,383,11
2807908098,879,864,15
2807908099,743,711,32
2807908100,654,637,17
2807908102,990,943,47
2807908103,658,622,36
2807908104,521,444,77
2807908105,357,272,85
2807908106,437,344,93
2807908107,328,263,65
2807908108,330,279,51
2807908109,527,443,84
2807908110,497,453,44
2807908111,779,695,84
2807908112,484,435,49
2807908113,388,347,41
2807908114,452,372,80
2807908115,490,423,67
2807908116,353,310,43
2807908117,420,358,62
2807908119,728,623,105
2807908120,451,394,57
2807908121,666,629,37
2807908122,407,376,31
2807908123,626,529,97
2807908124,743,650,93
2807908125,546,479,67
2807908126,648,575,73
2807908128,1530,1424,106
2807908129,426,371,55
2807908130,464,434,30
2807908131,1667,1594,73
2807908132,446,417,29
2807908133,360,352,8
2807908134,660,605,55
2807908135,1245,1194,51
2807908136,647,616,31
2807908137,767,720,47
2807908138,522,492,30
2807908139,1222,1186,36
2807908140,407,397,10
2807908141,498,489,9
2807908142,625,602,23
2807908143,572,553,19
2807908144,751,726,25
2807908145,630,605,25
2807908146,734,713,21
2807908147,744,727,17
2807908148,937,903,34
2807908149,345,332,13
2807908150,634,591,43
2807908151,441,425,16
2807908152,784,766,18
2807908153,782,749,33
2807908154,847,817,30
2807908155,759,746,13
2807908156,670,643,27
2807908157,385,350,35
2807908158,758,738,20
2807908159,988,943,45
2807908160,1867,1734,133
2807908161,1987,1733,254
2807908162,720,682,38
2807908163,929,912,17
2807908164,1298,1244,54
2807908165,875,852,23
2807908166,577,522,55
2807908167,1691,1582,109
2807908168,1549,1477,72
2807908169,1352,1309,43
2807908170,1340,1271,69
2807908171,1625,1555,70
2807908172,1037,952,85
2807908173,1741,1674,67
2807908174,924,820,104
2807908175,530,513,17
2807908176,1400,1346,54
2807908177,640,630,10
2807908178,1028,989,39
2807908179,699,656,43
2807908180,504,487,17
2807909001,519,483,36
2807909002,526,481,45
2807909004,667,603,64
2807909005,406,384,22
2807909006,340,326,14
2807909007,439,413,26
2807909008,548,522,26
2807909009,453,424,29
2807909010,1208,1061,147
2807909011,666,563,103
2807909012,307,278,29
2807909013,589,490,99
2807909014,916,765,151
2807909015,707,638,69
2807909016,393,324,69
2807909017,535,466,69
2807909018,618,574,44
2807909019,612,577,35
2807909020,405,372,33
2807909021,478,459,19
2807909022,509,463,46
2807909023,728,595,133
2807909024,301,274,27
2807909025,404,360,44
2807909026,577,468,109
2807909028,723,655,68
2807909029,487,468,19
2807909030,569,522,47
2807909031,277,264,13
2807909033,691,538,153
2807909034,722,684,38
2807909035,354,343,11
2807909036,473,427,46
2807909037,1016,949,67
2807909038,565,534,31
2807909039,490,458,32
2807909040,398,366,32
2807909041,769,681,88
2807909043,851,784,67
2807909044,510,487,23
2807909045,463,443,20
2807909046,755,715,40
2807909047,637,588,49
2807909049,495,456,39
2807909050,377,339,38
2807909051,619,568,51
2807909052,935,873,62
2807909053,413,391,22
2807909054,587,515,72
2807909055,797,719,78
2807909056,952,883,69
2807909057,379,324,55
2807909058,394,340,54
2807909060,683,604,79
2807909061,425,358,67
2807909063,616,537,79
2807909064,711,602,109
2807909065,546,455,91
2807909066,358,315,43
2807909067,360,307,53
2807909068,400,357,43
2807909069,368,302,66
2807909070,311,306,5
2807909071,1381,1303,78
2807909072,1277,1190,87
2807909073,1010,938,72
2807909074,679,575,104
2807909075,1070,946,124
2807909076,493,376,117
2807909077,488,418,70
2807909078,980,914,66
2807909079,993,968,25
2807909080,1341,1291,50
2807909081,407,388,19
2807909082,353,324,29
2807909083,1447,1367,80
2807909084,393,354,39
2807909085,777,737,40
2807909086,781,723,58
2807909087,954,903,51
2807909088,1111,1039,72
2807909089,752,724,28
2807909090,885,825,60
2807909091,790,747,43
2807910001,498,409,89
2807910002,445,392,53
2807910003,443,405,38
2807910004,355,325,30
2807910005,577,497,80
2807910006,1192,1066,126
2807910007,597,438,159
2807910008,445,343,102
2807910009,526,405,121
2807910010,427,366,61
2807910011,324,296,28
2807910012,417,384,33
2807910013,320,294,26
2807910014,381,366,15
2807910015,541,475,66
2807910016,558,486,72
2807910017,418,364,54
2807910018,365,277,88
2807910020,379,327,52
2807910021,560,468,92
2807910022,478,358,120
2807910023,385,318,67
2807910024,551,421,130
2807910025,530,443,87
2807910026,425,371,54
2807910027,520,435,85
2807910028,585,467,118
2807910029,664,528,136
2807910030,613,493,120
2807910031,356,288,68
2807910032,644,531,113
2807910033,452,384,68
2807910034,359,269,90
2807910035,441,372,69
2807910036,664,566,98
2807910037,754,595,159
2807910038,381,316,65
2807910039,539,454,85
2807910040,448,358,90
2807910041,703,545,158
2807910042,617,515,102
2807910043,645,543,102
2807910044,369,323,46
2807910046,579,504,75
2807910047,454,338,116
2807910048,586,425,161
2807910049,562,446,116
2807910050,641,495,146
2807910051,471,367,104
2807910052,527,424,103
2807910053,502,398,104
2807910054,596,552,44
2807910055,538,466,72
2807910056,504,370,134
2807910057,715,580,135
2807910058,538,408,130
2807910059,598,470,128
2807910060,929,853,76
2807910061,693,568,125
2807910062,430,346,84
2807910063,733,613,120
2807910065,406,341,65
2807910067,413,365,48
2807910068,357,307,50
2807910069,636,534,102
2807910070,507,425,82
2807910072,926,850,76
2807910073,548,431,117
2807910074,369,323,46
2807910075,389,321,68
2807910076,400,344,56
2807910077,352,304,48
2807910078,479,426,53
2807910081,289,272,17
2807910082,382,313,69
2807910083,339,279,60
2807910084,938,675,263
2807910086,707,543,164
2807910087,497,477,20
2807910088,503,440,63
2807910089,469,403,66
2807910090,416,388,28
2807910091,445,430,15
2807910092,375,327,48
2807910093,387,317,70
2807910094,499,365,134
2807910095,570,458,112
2807910096,667,489,178
2807910098,504,430,74
2807910099,510,456,54
2807910100,442,392,50
2807910101,519,464,55
2807910102,303,276,27
2807910103,489,420,69
2807910104,279,261,18
2807910106,701,648,53
2807910107,533,493,40
2807910108,360,332,28
2807910109,652,606,46
2807910110,391,306,85
2807910111,362,285,77
2807910112,464,336,128
2807910113,427,324,103
2807910114,496,375,121
2807910115,519,385,134
2807910116,638,583,55
2807910117,594,551,43
2807910118,542,502,40
2807910119,742,718,24
2807910120,541,476,65
2807910121,537,459,78
2807910122,514,458,56
2807910123,413,369,44
2807910124,652,521,131
2807910125,325,284,41
2807910126,591,492,99
2807910127,437,386,51
2807910128,590,530,60
2807910129,273,258,15
2807910130,750,673,77
2807910131,501,431,70
2807910132,382,329,53
2807910133,768,683,85
2807910134,297,275,22
2807910135,332,299,33
2807910136,526,440,86
2807910137,454,356,98
2807910138,331,306,25
2807910139,521,424,97
2807910140,380,342,38
2807910142,767,628,139
2807910143,578,495,83
2807910144,598,423,175
2807910145,678,525,153
2807910146,568,463,105
2807910147,678,494,184
2807910148,672,502,170
2807910149,462,323,139
2807910150,401,303,98
2807910151,839,680,159
2807910152,344,330,14
2807910153,1181,1052,129
2807910154,368,327,41
2807910156,428,419,9
2807910157,358,358,0
2807910158,613,606,7
2807910159,595,589,6
2807910161,765,680,85
2807910162,397,341,56
2807910163,343,286,57
2807910164,651,531,120
2807910165,542,484,58
2807910167,1078,1020,58
2807910168,610,510,100
2807910169,365,318,47
2807910170,555,484,71
2807910171,514,486,28
2807910172,318,285,33
2807910173,746,675,71
2807910174,422,388,34
2807910175,395,355,40
2807910176,598,525,73
2807910178,529,499,30
2807910179,523,473,50
2807910180,587,531,56
2807910181,517,476,41
2807910182,522,455,67
2807910183,429,388,41
2807910184,435,399,36
2807910185,352,308,44
2807910187,624,558,66
2807910188,460,418,42
2807910189,683,611,72
2807910190,483,419,64
2807910191,735,636,99
2807910192,821,773,48
2807910193,355,346,9
2807910194,428,391,37
2807910196,323,273,50
2807910197,629,579,50
2807910198,610,566,44
2807910199,753,674,79
2807910201,480,451,29
2807910202,337,315,22
2807910203,687,626,61
2807910204,372,320,52
2807910205,700,668,32
2807910206,611,552,59
2807910207,664,633,31
2807910209,598,515,83
2807910210,508,483,25
2807910211,441,406,35
2807910212,466,448,18
2807910213,1117,1079,38
2807910214,913,881,32
2807910215,705,682,23
2807910216,1494,1412,82
2807910217,428,382,46
2807910218,587,580,7
2807910219,658,640,18
2807910220,1262,1188,74
2807911001,548,436,112
2807911002,737,640,97
2807911003,759,689,70
2807911004,706,645,61
2807911005,486,404,82
2807911006,554,485,69
2807911007,925,713,212
2807911010,383,330,53
2807911011,355,310,45
2807911012,926,711,215
2807911013,694,539,155
2807911015,691,551,140
2807911016,500,400,100
2807911017,519,438,81
2807911018,372,324,48
2807911019,313,258,55
2807911021,623,498,125
2807911022,709,620,89
2807911023,612,484,128
2807911024,617,491,126
2807911025,595,497,98
2807911026,966,772,194
2807911028,438,383,55
2807911029,407,359,48
2807911030,363,311,52
2807911031,429,403,26
2807911032,600,472,128
2807911033,767,535,232
2807911034,451,336,115
2807911035,477,361,116
2807911036,587,414,173
2807911037,602,447,155
2807911038,476,384,92
2807911039,905,768,137
2807911040,417,303,114
2807911041,617,414,203
2807911042,564,431,133
2807911043,496,404,92
2807911044,878,820,58
2807911045,354,300,54
2807911046,357,287,70
2807911047,570,433,137
2807911048,675,616,59
2807911049,878,737,141
2807911050,517,460,57
2807911051,612,542,70
2807911054,578,512,66
2807911055,725,553,172
2807911056,475,360,115
2807911057,506,421,85
2807911058,384,310,74
2807911059,602,441,161
2807911060,530,506,24
2807911061,438,317,121
2807911062,689,513,176
2807911063,969,749,220
2807911065,736,657,79
2807911066,331,317,14
2807911067,1353,1139,214
2807911068,605,451,154
2807911069,1011,786,225
2807911070,949,762,187
2807911071,791,658,133
2807911072,693,524,169
2807911073,623,436,187
2807911074,413,285,128
2807911075,356,308,48
2807911078,683,493,190
2807911079,432,323,109
2807911080,841,601,240
2807911081,794,576,218
2807911082,522,361,161
2807911083,387,282,105
2807911084,380,255,125
2807911085,577,441,136
2807911086,481,354,127
2807911087,693,512,181
2807911088,737,560,177
2807911089,846,636,210
2807911091,635,491,144
2807911092,499,394,105
2807911093,533,496,37
2807911094,665,635,30
2807911095,591,549,42
2807911096,398,366,32
2807911097,517,450,67
2807911098,631,576,55
2807911099,464,432,32
2807911100,894,805,89
2807911101,742,643,99
2807911102,612,505,107
2807911103,766,632,134
2807911104,475,397,78
2807911105,405,294,111
2807911106,386,311,75
2807911107,531,418,113
2807911108,516,367,149
2807911109,574,410,164
2807911110,514,385,129
2807911111,478,331,147
2807911112,543,421,122
2807911113,713,496,217
2807911114,563,439,124
2807911115,857,643,214
2807911116,394,304,90
2807911117,766,571,195
2807911118,515,386,129
2807911119,599,419,180
2807911120,544,433,111
2807911121,627,475,152
2807911122,494,333,161
2807911123,417,393,24
2807911124,760,646,114
2807911125,742,650,92
2807911126,1374,1181,193
2807911128,539,435,104
2807911129,473,423,50
2807911130,770,623,147
2807911131,447,339,108
2807911132,417,302,115
2807911133,468,407,61
2807911134,362,292,70
2807911135,421,363,58
2807911136,558,474,84
2807911137,970,872,98
2807911138,521,410,111
2807911139,660,558,102
2807911140,772,566,206
2807911141,573,476,97
2807911142,342,296,46
2807911143,573,485,88
2807911145,571,488,83
2807911146,659,546,113
2807911147,724,653,71
2807911148,1099,970,129
2807911149,405,350,55
2807911150,564,498,66
2807911151,516,446,70
2807911152,1025,892,133
2807911153,733,578,155
2807911154,574,441,133
2807911155,1173,1056,117
2807911156,1289,1194,95
2807911157,503,455,48
2807911158,578,497,81
2807911159,324,274,50
2807911160,368,298,70
2807911161,583,423,160
2807911162,347,298,49
2807911163,646,566,80
2807911165,795,665,130
2807911167,505,391,114
2807911168,487,396,91
2807911169,1173,838,335
2807911170,424,327,97
2807911171,426,321,105
2807911173,517,376,141
2807911174,355,303,52
2807911175,698,536,162
2807911176,472,395,77
2807911177,942,798,144
2807911178,367,302,65
2807911179,434,383,51
2807911180,655,606,49
2807911181,435,390,45
2807911182,1358,1244,114
2807911183,1228,1144,84
2807911184,475,457,18
2807911185,672,621,51
2807911186,895,845,50
2807911187,1428,1344,84
2807911188,921,887,34
2807911189,1132,1081,51
2807911190,1548,1488,60
2807911191,1102,1067,35
2807911192,1430,1340,90
2807911193,666,552,114
2807911194,539,513,26
2807912001,304,287,17
2807912002,322,310,12
2807912003,530,503,27
2807912005,451,432,19
2807912006,312,293,19
2807912007,610,561,49
2807912008,529,487,42
2807912009,512,479,33
2807912010,421,384,37
2807912011,434,410,24
2807912012,471,444,27
2807912013,459,433,26
2807912014,530,500,30
2807912015,543,512,31
2807912016,795,739,56
2807912018,873,801,72
2807912019,569,507,62
2807912020,581,536,45
2807912021,324,266,58
2807912022,373,309,64
2807912023,713,613,100
2807912024,1058,949,109
2807912027,840,725,115
2807912028,402,313,89
2807912029,610,428,182
2807912030,607,488,119
2807912031,384,291,93
2807912032,1253,1077,176
2807912033,602,513,89
2807912034,673,597,76
2807912036,322,290,32
2807912037,643,598,45
2807912039,460,362,98
2807912041,685,535,150
2807912042,518,374,144
2807912043,606,474,132
2807912044,730,498,232
2807912045,806,488,318
2807912046,837,513,324
2807912047,558,305,253
2807912048,712,491,221
2807912049,808,574,234
2807912050,620,441,179
2807912051,577,469,108
2807912052,558,491,67
2807912053,900,833,67
2807912054,598,512,86
2807912055,864,566,298
2807912056,811,499,312
2807912057,667,393,274
2807912059,809,669,140
2807912061,1010,818,192
2807912062,618,506,112
2807912064,600,487,113
2807912065,592,394,198
2807912066,728,388,340
2807912067,953,582,371
2807912069,583,419,164
2807912070,485,417,68
2807912071,747,589,158
2807912073,383,291,92
2807912074,402,290,112
2807912075,685,500,185
2807912077,683,616,67
2807912078,644,485,159
2807912079,493,384,109
2807912080,706,470,236
2807912081,582,457,125
2807912082,472,315,157
2807912083,584,432,152
2807912084,496,383,113
2807912086,501,453,48
2807912087,839,688,151
2807912088,906,529,377
2807912089,549,389,160
2807912090,543,394,149
2807912091,823,612,211
2807912092,663,457,206
2807912093,903,579,324
2807912094,944,584,360
2807912096,677,347,330
2807912097,541,331,210
2807912098,915,871,44
2807912099,555,526,29
2807912100,775,695,80
2807912101,913,867,46
2807912102,1223,1134,89
2807912103,1164,987,177
2807912104,894,730,164
2807912105,821,671,150
2807912106,1212,1106,106
2807912107,1140,992,148
2807912108,1420,1179,241
2807912109,1057,843,214
2807913002,556,533,23
2807913003,368,345,23
2807913004,335,317,18
2807913005,416,377,39
2807913006,428,401,27
2807913007,479,453,26
2807913008,704,593,111
2807913010,533,461,72
2807913011,420,390,30
2807913012,555,509,46
2807913013,632,556,76
2807913014,599,527,72
2807913016,553,462,91
2807913017,445,389,56
2807913018,467,403,64
2807913019,350,310,40
2807913021,461,413,48
2807913022,470,407,63
2807913023,382,335,47
2807913024,436,362,74
2807913026,426,394,32
2807913027,351,311,40
2807913028,396,354,42
2807913029,588,538,50
2807913030,825,714,111
2807913031,573,417,156
2807913032,891,714,177
2807913033,593,467,126
2807913034,586,461,125
2807913035,1266,1122,144
2807913036,448,366,82
2807913037,657,499,158
2807913038,443,348,95
2807913039,474,363,111
2807913040,688,508,180
2807913041,846,619,227
2807913042,682,445,237
2807913043,694,428,266
2807913044,969,627,342
2807913045,632,449,183
2807913046,853,630,223
2807913047,675,570,105
2807913048,573,442,131
2807913049,937,752,185
2807913050,519,357,162
2807913052,475,329,146
2807913053,622,408,214
2807913054,865,640,225
2807913055,586,467,119
2807913056,586,468,118
2807913057,729,550,179
2807913058,500,385,115
2807913059,529,395,134
2807913060,540,426,114
2807913061,467,342,125
2807913062,501,376,125
2807913063,430,330,100
2807913064,375,275,100
2807913065,433,324,109
2807913066,468,346,122
2807913069,373,303,70
2807913074,1037,977,60
2807913077,662,604,58
2807913078,802,705,97
2807913079,689,518,171
2807913080,686,477,209
2807913083,814,551,263
2807913084,427,301,126
2807913086,577,454,123
2807913087,356,299,57
2807913088,428,382,46
2807913089,359,287,72
2807913090,403,329,74
2807913091,487,423,64
2807913092,994,892,102
2807913094,987,900,87
2807913103,362,328,34
2807913104,791,707,84
2807913108,866,772,94
2807913109,1027,955,72
2807913110,387,350,37
2807913111,434,403,31
2807913112,606,563,43
2807913114,327,280,47
2807913115,745,651,94
2807913116,369,333,36
2807913117,375,335,40
2807913118,371,360,11
2807913119,591,493,98
2807913120,592,553,39
2807913121,525,346,179
2807913122,363,322,41
2807913123,606,568,38
2807913124,673,568,105
2807913125,546,453,93
2807913126,376,306,70
2807913127,1240,1179,61
2807913128,630,582,48
2807913129,399,356,43
2807913131,341,306,35
2807913132,581,531,50
2807913133,482,452,30
2807913134,517,479,38
2807913135,398,377,21
2807913136,543,521,22
2807913137,821,761,60
2807913138,424,387,37
2807913139,487,421,66
2807913140,702,620,82
2807913142,685,600,85
2807913143,367,320,47
2807913144,648,556,92
2807913145,414,345,69
2807913146,499,415,84
2807913147,634,488,146
2807913148,548,447,101
2807913150,663,603,60
2807913153,729,628,101
2807913154,546,459,87
2807913155,974,814,160
2807913156,385,344,41
2807913157,581,456,125
2807913158,882,767,115
2807913160,839,791,48
2807913161,500,475,25
2807913162,349,326,23
2807913163,419,392,27
2807913164,416,379,37
2807913166,875,709,166
2807913168,1075,798,277
2807913169,626,490,136
2807913170,473,347,126
2807913171,489,381,108
2807913172,506,377,129
2807913173,480,350,130
2807913174,694,546,148
2807913175,626,482,144
2807913176,483,367,116
2807913177,529,428,101
2807913178,574,547,27
2807913179,330,305,25
2807913180,459,429,30
2807913181,568,535,33
2807913182,568,523,45
2807913183,599,558,41
2807913184,771,691,80
2807913185,733,571,162
2807913186,988,829,159
2807913187,846,679,167
2807913189,549,429,120
2807913190,1404,1082,322
2807913191,931,827,104
2807913192,632,481,151
2807913193,635,504,131
2807913194,690,484,206
2807913195,511,418,93
2807913196,571,396,175
2807913197,706,513,193
2807913198,598,554,44
2807913199,790,724,66
2807913200,714,674,40
2807913201,511,477,34
2807913202,741,677,64
2807913203,761,729,32
2807913204,700,667,33
2807913205,571,557,14
2807913206,1121,974,147
2807913207,1065,1005,60
2807913208,858,827,31
2807913209,755,717,38
2807913210,1183,1106,77
2807913211,542,494,48
2807913212,455,414,41
2807913213,610,570,40
2807913214,606,543,63
2807913215,505,407,98
2807913216,949,857,92
2807914001,299,273,26
2807914002,644,592,52
2807914003,281,255,26
2807914004,567,527,40
2807914005,307,286,21
2807914006,297,281,16
2807914010,625,607,18
2807914012,638,572,66
2807914013,444,426,18
2807914014,297,281,16
2807914015,381,365,16
2807914016,323,300,23
2807914017,349,332,17
2807914018,515,487,28
2807914019,294,279,15
2807914020,418,396,22
2807914021,407,388,19
2807914022,406,385,21
2807914023,264,256,8
2807914024,387,373,14
2807914025,486,449,37
2807914026,393,339,54
2807914027,521,450,71
2807914028,436,390,46
2807914029,399,366,33
2807914030,813,766,47
2807914031,415,397,18
2807914032,441,420,21
2807914033,332,290,42
2807914034,422,403,19
2807914035,302,262,40
2807914036,445,391,54
2807914037,429,383,46
2807914038,353,287,66
2807914039,494,449,45
2807914040,851,799,52
2807914041,415,407,8
2807914042,534,508,26
2807914043,348,334,14
2807914044,442,393,49
2807914045,412,368,44
2807914046,501,436,65
2807914047,497,409,88
2807914048,512,451,61
2807914049,531,458,73
2807914050,481,422,59
2807914051,431,387,44
2807914052,405,358,47
2807914053,378,314,64
2807914054,475,428,47
2807914055,389,361,28
2807914056,353,312,41
2807914057,441,389,52
2807914058,412,369,43
2807914059,606,536,70
2807914060,318,298,20
2807914061,609,577,32
2807914062,474,426,48
2807914063,398,377,21
2807914064,487,432,55
2807914065,397,365,32
2807914066,308,257,51
2807914067,461,411,50
2807914068,322,273,49
2807914069,283,264,19
2807914070,389,344,45
2807914071,421,366,55
2807914072,403,366,37
2807914073,445,407,38
2807914074,289,263,26
2807914075,385,346,39
2807914076,379,348,31
2807914077,350,320,30
2807914078,296,266,30
2807914079,683,502,181
2807914080,620,605,15
2807914081,1210,1194,16
2807914082,656,596,60
2807914083,816,745,71
2807914084,456,438,18
2807914085,1146,1125,21
2807914086,1043,1004,39
2807914087,704,691,13
2807914088,517,498,19
2807914089,746,698,48
2807914090,683,653,30
2807914091,949,930,19
2807914092,633,604,29
2807914093,706,686,20
2807915001,441,407,34
2807915002,430,366,64
2807915003,411,366,45
2807915005,398,352,46
2807915006,554,499,55
2807915008,805,735,70
2807915009,601,482,119
2807915010,372,311,61
2807915011,598,504,94
2807915012,380,345,35
2807915013,445,380,65
2807915014,553,445,108
2807915015,338,285,53
2807915016,542,428,114
2807915017,375,321,54
2807915018,400,339,61
2807915019,387,320,67
2807915020,488,396,92
2807915021,331,277,54
2807915022,530,449,81
2807915023,682,593,89
2807915024,485,416,69
2807915025,614,556,58
2807915026,412,336,76
2807915027,427,370,57
2807915028,402,359,43
2807915029,484,437,47
2807915030,543,501,42
2807915031,500,444,56
2807915032,496,449,47
2807915033,602,476,126
2807915034,407,329,78
2807915035,496,442,54
2807915036,394,330,64
2807915037,569,465,104
2807915038,748,628,120
2807915039,714,572,142
2807915040,675,530,145
2807915041,729,592,137
2807915042,837,752,85
2807915043,623,525,98
2807915044,607,515,92
2807915045,527,452,75
2807915046,673,561,112
2807915047,427,330,97
2807915048,604,477,127
2807915049,611,482,129
2807915050,598,467,131
2807915051,780,663,117
2807915052,332,270,62
2807915053,703,569,134
2807915054,718,580,138
2807915056,703,560,143
2807915057,638,542,96
2807915058,574,464,110
2807915059,441,346,95
2807915060,551,441,110
2807915061,648,538,110
2807915062,1156,1005,151
2807915065,686,654,32
2807915066,313,295,18
2807915067,476,445,31
2807915068,554,539,15
2807915069,944,913,31
2807915070,1094,1020,74
2807915071,565,499,66
2807915073,536,447,89
2807915074,833,684,149
2807915075,691,595,96
2807915076,422,370,52
2807915077,498,426,72
2807915078,372,313,59
2807915079,319,286,33
2807915080,360,301,59
2807915081,798,617,181
2807915082,582,497,85
2807915083,670,508,162
2807915084,499,375,124
2807915085,620,497,123
2807915086,440,366,74
2807915087,534,393,141
2807915088,530,401,129
2807915089,548,439,109
2807915090,843,789,54
2807915092,742,673,69
2807915093,597,503,94
2807915094,630,548,82
2807915095,378,316,62
2807915096,522,467,55
2807915097,442,341,101
2807915098,459,359,100
2807915099,685,508,177
2807915100,336,260,76
2807915101,458,374,84
2807915102,443,359,84
2807915103,518,428,90
2807915104,279,247,32
2807915105,586,488,98
2807915106,585,487,98
2807915108,394,334,60
2807915109,630,546,84
2807915110,422,337,85
2807915111,343,295,48
2807915112,615,499,116
2807915113,584,487,97
2807915114,349,296,53
2807915115,773,681,92
2807915116,499,430,69
2807915117,645,496,149
2807915118,429,367,62
2807915119,467,366,101
2807915120,357,284,73
2807915121,303,274,29
2807915122,478,421,57
2807915123,495,451,44
2807915124,415,374,41
2807915125,377,355,22
2807915126,545,476,69
2807915127,719,653,66
2807915128,984,915,69
2807915129,395,364,31
2807915130,411,370,41
2807915131,408,371,37
2807915132,627,588,39
2807915133,696,650,46
2807915134,479,432,47
2807915135,947,872,75
2807915136,410,355,55
2807915138,530,441,89
2807915139,306,264,42
2807915140,289,263,26
2807915141,494,458,36
2807915142,524,510,14
2807915143,832,767,65
2807915144,793,765,28
2807915145,310,296,14
2807915146,481,466,15
2807915147,355,341,14
2807915148,455,419,36
2807915149,645,589,56
2807915150,868,714,154
2807915151,724,640,84
2807915153,318,312,6
2807915154,462,429,33
2807915155,680,623,57
2807915156,563,515,48
2807915157,453,386,67
2807915158,590,539,51
2807915159,656,593,63
2807915160,928,858,70
2807915161,1081,1039,42
2807915162,876,839,37
2807915163,571,548,23
2807915164,474,458,16
2807915165,476,463,13
2807915166,416,404,12
2807915167,462,454,8
2807915168,744,726,18
2807915170,1028,989,39
2807915171,601,562,39
2807915172,503,493,10
2807915173,922,900,22
2807915174,652,595,57
2807915175,490,459,31
2807915176,833,788,45
2807915177,576,556,20
2807915178,624,591,33
2807915179,672,648,24
2807915180,990,941,49
2807915181,585,563,22
2807915182,363,351,12
2807916001,911,834,77
2807916002,907,819,88
2807916003,981,889,92
2807916004,1099,875,224
2807916005,934,815,119
2807916006,831,724,107
2807916007,1052,967,85
2807916008,450,429,21
2807916009,453,382,71
2807916011,554,492,62
2807916012,316,287,29
2807916013,508,487,21
2807916014,385,365,20
2807916015,563,512,51
2807916016,494,460,34
2807916017,486,459,27
2807916018,389,366,23
2807916019,416,396,20
2807916020,544,517,27
2807916021,536,520,16
2807916022,605,567,38
2807916024,1090,1007,83
2807916025,1067,961,106
2807916026,366,326,40
2807916027,353,317,36
2807916028,433,422,11
2807916029,585,538,47
2807916030,870,816,54
2807916031,633,617,16
2807916032,756,719,37
2807916033,718,626,92
2807916034,834,727,107
2807916035,750,682,68
2807916036,1245,1166,79
2807916037,468,417,51
2807916038,591,512,79
2807916039,476,408,68
2807916040,501,420,81
2807916041,308,259,49
2807916042,354,314,40
2807916043,405,365,40
2807916044,513,456,57
2807916045,777,743,34
2807916046,852,799,53
2807916047,262,245,17
2807916048,1014,959,55
2807916049,584,569,15
2807916050,747,706,41
2807916051,451,395,56
2807916052,549,492,57
2807916053,423,381,42
2807916054,351,325,26
2807916055,336,304,32
2807916056,315,282,33
2807916057,446,406,40
2807916058,630,554,76
2807916059,842,779,63
2807916060,726,674,52
2807916061,661,632,29
2807916062,273,255,18
2807916063,477,450,27
2807916064,548,506,42
2807916065,395,347,48
2807916066,431,381,50
2807916067,780,701,79
2807916069,533,488,45
2807916070,861,809,52
2807916071,547,522,25
2807916072,417,409,8
2807916073,687,591,96
2807916074,489,442,47
2807916075,511,462,49
2807916076,535,459,76
2807916077,625,547,78
2807916078,401,350,51
2807916079,1210,1152,58
2807916080,409,388,21
2807916081,485,447,38
2807916082,383,352,31
2807916083,1019,930,89
2807916085,603,560,43
2807916086,989,918,71
2807916087,395,347,48
2807916088,639,592,47
2807916089,354,342,12
2807916090,680,640,40
2807916091,1229,1068,161
2807916092,561,524,37
2807916093,514,484,30
2807916096,745,713,32
2807916097,707,650,57
2807916098,695,661,34
2807916099,815,774,41
2807916100,502,486,16
2807916101,599,591,8
2807916102,1151,951,200
2807916103,934,785,149
2807916104,1005,970,35
2807916105,626,592,34
2807916106,887,780,107
2807916107,1614,1505,109
2807916108,1743,1595,148
2807916109,1200,1120,80
2807916110,1210,1140,70
2807916111,1491,1416,75
2807916112,755,723,32
2807916113,813,683,130
2807916114,1420,1296,124
2807916115,844,755,89
2807916116,809,722,87
2807916117,1232,1191,41
2807916118,1258,1183,75
2807916119,871,788,83
2807916120,927,886,41
2807916121,811,758,53
2807916122,831,755,76
2807916123,839,786,53
2807916124,2646,2450,196
2807916125,978,858,120
2807917002,621,500,121
2807917003,598,461,137
2807917004,1051,762,289
2807917006,712,575,137
2807917007,417,312,105
2807917008,698,530,168
2807917009,448,331,117
2807917010,578,438,140
2807917011,586,449,137
2807917012,681,532,149
2807917013,409,319,90
2807917014,520,416,104
2807917015,637,481,156
2807917016,429,344,85
2807917017,544,467,77
2807917018,454,341,113
2807917019,419,318,101
2807917020,426,385,41
2807917021,549,515,34
2807917022,488,433,55
2807917023,913,777,136
2807917024,854,638,216
2807917025,388,305,83
2807917026,597,478,119
2807917027,918,803,115
2807917028,562,454,108
2807917029,748,644,104
2807917031,561,403,158
2807917032,981,638,343
2807917033,669,431,238
2807917035,578,409,169
2807917036,454,330,124
2807917037,508,343,165
2807917038,605,437,168
2807917039,828,625,203
2807917041,551,384,167
2807917042,740,493,247
2807917043,940,639,301
2807917045,1480,1352,128
2807917046,851,661,190
2807917047,715,577,138
2807917048,909,843,66
2807917049,522,405,117
2807917050,617,469,148
2807917051,544,411,133
2807917052,526,411,115
2807917053,480,380,100
2807917054,542,406,136
2807917055,802,667,135
2807917057,680,505,175
2807917058,641,477,164
2807917059,693,522,171
2807917060,468,384,84
2807917061,619,420,199
2807917062,682,468,214
2807917063,489,367,122
2807917064,642,487,155
2807917065,531,409,122
2807917066,580,389,191
2807917068,733,670,63
2807917069,677,519,158
2807917070,657,618,39
2807917071,888,747,141
2807917072,525,377,148
2807917073,420,349,71
2807917074,380,334,46
2807917075,673,599,74
2807917076,570,506,64
2807917078,623,571,52
2807917079,365,304,61
2807917080,798,766,32
2807917082,736,613,123
2807917083,642,516,126
2807917084,438,356,82
2807917085,340,298,42
2807917086,339,295,44
2807917087,685,602,83
2807917089,504,422,82
2807917090,512,440,72
2807917091,530,428,102
2807917092,375,344,31
2807917093,329,295,34
2807917094,385,325,60
2807917095,389,329,60
2807917096,1212,1149,63
2807917097,779,737,42
2807917098,607,587,20
2807917099,411,393,18
2807917100,489,379,110
2807917101,832,674,158
2807917102,574,553,21
2807917103,1078,1028,50
2807917104,977,890,87
2807917105,783,670,113
2807917106,1497,1323,174
2807917107,1277,1232,45
2807917108,767,733,34
2807917109,563,491,72
2807917110,1084,1025,59
2807917111,1370,1200,170
2807917112,984,937,47
2807917113,964,918,46
2807917114,832,759,73
2807918002,691,614,77
2807918003,429,351,78
2807918004,550,467,83
2807918005,508,407,101
2807918006,608,449,159
2807918007,435,354,81
2807918008,522,451,71
2807918009,722,625,97
2807918010,486,413,73
2807918011,581,490,91
2807918012,723,645,78
2807918013,546,441,105
2807918014,668,559,109
2807918015,507,418,89
2807918016,574,496,78
2807918017,500,452,48
2807918018,884,734,150
2807918019,763,682,81
2807918020,737,692,45
2807918021,514,485,29
2807918022,641,549,92
2807918023,342,291,51
2807918024,461,419,42
2807918025,864,840,24
2807918026,765,748,17
2807918027,843,771,72
2807918028,1011,872,139
2807918029,561,503,58
2807918030,375,334,41
2807918031,547,477,70
2807918032,648,574,74
2807918033,584,523,61
2807918034,628,571,57
2807918035,450,383,67
2807918036,639,584,55
2807918037,487,416,71
2807918038,457,433,24
2807918039,672,644,28
2807918040,910,865,45
2807918041,649,539,110
2807918042,900,827,73
2807918043,975,902,73
2807918044,653,616,37
2807918045,2003,1347,656
2807918046,1007,846,161
2807918047,578,532,46
2807918048,674,653,21
2807918049,1333,1281,52
2807918050,752,685,67
2807918051,856,830,26
2807918052,1455,1314,141
2807918053,1006,951,55
2807918054,1116,1075,41
2807918055,1532,1432,100
2807918056,782,723,59
2807918057,973,902,71
2807918058,1131,1010,121
2807918059,872,848,24
2807918060,1170,1089,81
2807918061,1131,1077,54
2807918062,1458,1338,120
2807918063,1297,1229,68
2807918064,1434,1301,133
2807918065,1054,934,120
2807919001,1534,1074,460
2807919002,910,739,171
2807919003,446,329,117
2807919004,386,302,84
2807919005,640,545,95
2807919006,539,462,77
2807919007,533,454,79
2807919008,635,514,121
2807919009,694,539,155
2807919011,600,514,86
2807919012,493,384,109
2807919014,759,659,100
2807919015,510,428,82
2807919016,429,336,93
2807919018,582,467,115
2807919019,469,366,103
2807919020,488,416,72
2807919021,623,526,97
2807919022,550,464,86
2807919023,540,459,81
2807919024,373,323,50
2807919025,447,394,53
2807919026,432,364,68
2807919027,459,387,72
2807919028,675,550,125
2807919029,462,386,76
2807919032,1134,951,183
2807919033,1033,982,51
2807919034,833,792,41
2807919035,790,752,38
2807919036,1010,957,53
2807919037,1029,992,37
2807919038,908,839,69
2807919039,775,732,43
2807919040,1134,1105,29
2807919041,737,701,36
2807919042,1172,1152,20
2807919043,641,606,35
2807919044,861,777,84
2807919045,874,849,25
2807919046,947,922,25
2807919047,1222,1171,51
2807919048,967,919,48
2807919049,1170,1103,67
2807919050,591,574,17
2807919051,978,956,22
2807920001,947,768,179
2807920002,848,808,40
2807920003,477,421,56
2807920006,381,338,43
2807920007,701,596,105
2807920008,604,515,89
2807920009,363,340,23
2807920010,643,284,359
2807920011,293,277,16
2807920012,583,475,108
2807920013,338,296,42
2807920014,299,255,44
2807920015,389,321,68
2807920016,312,260,52
2807920017,446,383,63
2807920018,416,333,83
2807920019,317,265,52
2807920020,365,284,81
2807920021,413,348,65
2807920022,469,422,47
2807920023,453,397,56
2807920024,313,267,46
2807920025,443,399,44
2807920026,558,514,44
2807920027,440,431,9
2807920028,337,328,9
2807920029,587,538,49
2807920031,536,461,75
2807920032,435,366,69
2807920033,438,378,60
2807920034,503,410,93
2807920035,480,404,76
2807920036,442,388,54
2807920037,384,362,22
2807920038,286,276,10
2807920039,308,291,17
2807920040,420,392,28
2807920041,454,423,31
2807920042,342,311,31
2807920043,372,352,20
2807920044,522,450,72
2807920046,380,321,59
2807920047,629,555,74
2807920048,404,354,50
2807920049,441,407,34
2807920050,437,382,55
2807920051,436,397,39
2807920053,876,761,115
2807920055,976,946,30
2807920056,574,543,31
2807920058,496,439,57
2807920059,354,322,32
2807920062,644,605,39
2807920063,563,517,46
2807920064,470,431,39
2807920065,846,773,73
2807920066,899,843,56
2807920067,1142,1106,36
2807920068,1311,1129,182
2807920069,455,414,41
2807920070,424,383,41
2807920071,1312,1197,115
2807920072,808,726,82
2807920073,494,396,98
2807920074,424,360,64
2807920075,446,363,83
2807920076,608,506,102
2807920077,1095,974,121
2807920078,693,583,110
2807920079,554,494,60
2807920080,629,587,42
2807920082,911,815,96
2807920083,408,350,58
2807920084,287,264,23
2807920085,541,417,124
2807920086,744,649,95
2807920087,530,439,91
2807920088,925,793,132
2807920090,579,549,30
2807920091,593,504,89
2807920092,769,660,109
2807920093,586,513,73
2807920095,578,538,40
2807920096,1224,1134,90
2807920097,463,413,50
2807920098,433,414,19
2807920099,890,841,49
2807920100,647,514,133
2807920101,669,610,59
2807920102,949,896,53
2807920103,1163,1125,38
2807920104,1224,1196,28
2807920105,967,913,54
2807920106,1256,1197,59
2807920107,1069,1044,25
2807920108,803,737,66
2807920109,958,921,37
2807920110,1021,977,44
2807920111,962,932,30
2807920112,1092,1039,53
2807920113,1116,1093,23
2807920114,955,930,25
2807920115,1025,1006,19
2807920116,913,824,89
2807920117,825,797,28
2807920118,936,896,40
2807920119,1404,1252,152
2807920120,1742,1538,204
2807920121,1551,1218,333
2807920122,783,750,33
2807921001,781,722,59
2807921002,727,702,25
2807921003,592,569,23
2807921004,558,540,18
2807921005,940,907,33
2807921006,636,606,30
2807921007,970,918,52
2807921008,296,290,6
2807921009,322,303,19
2807921010,630,602,28
2807921011,820,765,55
2807921012,442,425,17
2807921013,637,610,27
2807921014,974,922,52
2807921015,916,751,165
2807921017,707,594,113
2807921018,724,609,115
2807921019,658,554,104
2807921020,881,748,133
2807921021,555,475,80
2807921022,820,752,68
2807921023,525,449,76
2807921025,674,621,53
2807921026,730,679,51
2807921027,1269,1215,54
2807921028,639,586,53
2807921029,799,761,38
2807921030,775,716,59
2807921031,1844,1730,114
2807921032,828,770,58
2808001001,615,498,117
2808001002,404,386,18
2808001003,1038,708,330
2808001004,841,605,236
2808001005,680,539,141
2808001006,544,421,123
2808001007,779,749,30
2808001008,813,663,150
2808001009,1200,1128,72
2808001010,735,622,113
2808001011,793,738,55
2808001012,714,664,50
2808001013,626,612,14
2808001014,796,783,13
2808001015,434,429,5
2808001016,1628,1539,89
2808001017,469,437,32
2808002001,781,696,85
2808002002,738,693,45
2808002003,827,579,248
2808002004,694,670,24
2808002005,1277,1227,50
2808002006,582,429,153
2808002007,623,593,30
2808002008,657,621,36
2808002009,689,648,41
2808002010,693,673,20
2808002011,490,470,20
2808002012,604,503,101
2808002013,760,702,58
2808002014,562,531,31
2808002015,489,472,17
2808002016,559,489,70
2808002017,511,490,21
2808002018,789,744,45
2808002019,427,415,12
2808002020,789,767,22
2808002021,749,707,42
2808002022,1347,1251,96
2808002023,687,644,43
2808002024,1034,988,46
2808002025,1121,1073,48
2808002026,808,766,42
2808002027,1414,1324,90
2808201001,1014,869,145
2808201002,1205,1024,181
2808201003,1185,1108,77
2808201004,904,808,96
2808301001,1218,1052,166
2808301002,1362,973,389
2808301003,1629,1438,191
2808301004,1424,1360,64
2808301005,1226,1186,40
2808401001,1331,1150,181
2808401002,1231,1040,191
2808401003,1092,865,227
2808401004,1213,1042,171
2808401005,1023,863,160
2808401006,843,691,152
2808401007,940,859,81
2808401008,770,712,58
2808401009,1146,1090,56
2808401010,642,589,53
2808401011,1214,1094,120
2808501001,1328,1081,247
2808501002,964,795,169
2808501003,705,674,31
2808601001,1311,1021,290
2808601002,1633,1340,293
2808601003,1335,1061,274
2808701001,1174,1059,115
2808701002,971,850,121
2808801001,181,168,13
2808901001,670,653,17
2808901002,941,851,90
2808901003,820,773,47
2809001001,1225,1046,179
2809001002,1282,1119,163
2809001003,1374,1326,48
2809001004,1379,1266,113
2809001005,982,923,59
2809101001,927,794,133
2809101002,674,608,66
2809102001,1108,1004,104
2809102002,1041,905,136
2809201001,829,669,160
2809201002,717,597,120
2809201003,554,477,77
2809201004,387,340,47
2809201005,575,485,90
2809201006,478,425,53
2809201007,531,450,81
2809201008,862,747,115
2809201009,954,895,59
2809201010,713,654,59
2809201011,1169,1019,150
2809201012,1193,1029,164
2809201013,1056,969,87
2809201014,930,862,68
2809201015,1306,1225,81
2809201016,564,524,40
2809201017,1208,1143,65
2809201018,960,894,66
2809201019,1454,1268,186
2809201020,776,749,27
2809201021,740,726,14
2809201022,1101,1043,58
2809201023,569,547,22
2809202001,924,732,192
2809202002,611,468,143
2809202003,613,512,101
2809202004,593,481,112
2809202006,748,580,168
2809202007,638,606,32
2809202008,787,663,124
2809202009,568,470,98
2809202010,519,351,168
2809202011,563,412,151
2809202012,530,363,167
2809202013,635,507,128
2809202014,803,589,214
2809202015,579,525,54
2809202016,713,638,75
2809202017,981,885,96
2809202018,613,546,67
2809202019,527,484,43
2809202020,709,640,69
2809202021,817,743,74
2809202022,546,481,65
2809202023,624,563,61
2809202024,673,615,58
2809202025,672,605,67
2809202026,670,613,57
2809202028,926,814,112
2809202029,912,814,98
2809202030,434,393,41
2809202031,495,448,47
2809202032,685,613,72
2809202033,648,558,90
2809202034,1020,982,38
2809202035,689,611,78
2809202036,524,460,64
2809202037,551,506,45
2809202038,1264,1191,73
2809202039,387,372,15
2809203001,903,677,226
2809203002,580,473,107
2809203003,792,600,192
2809203004,538,431,107
2809203005,560,385,175
2809203006,933,737,196
2809203007,566,471,95
2809203008,653,548,105
2809203009,776,644,132
2809203010,522,431,91
2809203011,736,539,197
2809203012,977,844,133
2809203013,675,565,110
2809203014,334,294,40
2809203015,549,489,60
2809203016,765,686,79
2809203017,1089,983,106
2809203018,844,778,66
2809203019,807,708,99
2809203020,599,541,58
2809203021,439,414,25
2809203022,582,536,46
2809203023,636,550,86
2809203024,548,500,48
2809203025,446,409,37
2809203026,992,892,100
2809203027,502,380,122
2809203028,1189,1095,94
2809203029,440,411,29
2809203030,865,810,55
2809204001,550,440,110
2809204002,799,667,132
2809204003,661,582,79
2809204004,478,429,49
2809204005,854,749,105
2809204006,809,680,129
2809204007,591,481,110
2809204008,848,715,133
2809204009,1058,860,198
2809204010,436,389,47
2809204011,845,723,122
2809204012,835,748,87
2809204013,1079,931,148
2809204015,613,555,58
2809204016,673,623,50
2809204017,656,631,25
2809204018,1296,1227,69
2809204019,828,695,133
2809204020,593,531,62
2809204021,506,447,59
2809204022,559,460,99
2809204023,498,446,52
2809204024,757,686,71
2809204025,1020,932,88
2809204026,642,595,47
2809204027,1034,940,94
2809204028,520,485,35
2809204029,407,378,29
2809204030,979,890,89
2809204031,984,932,52
2809204032,895,815,80
2809204033,592,533,59
2809204034,850,786,64
2809204035,1272,1238,34
2809204036,956,926,30
2809204037,1133,1091,42
2809204038,528,504,24
2809204039,1373,1315,58
2809204040,1366,1317,49
2809204041,1647,1518,129
2809204042,1206,1057,149
2809204043,991,926,65
2809301001,1435,1265,170
2809401001,680,578,102
2809501001,1261,1025,236
2809601001,1108,855,253
2809601002,883,756,127
2809601003,1045,892,153
2809601004,1318,1235,83
2809601005,1220,1164,56
2809601006,631,538,93
2809601007,682,641,41
2809601008,738,630,108
2809601009,1181,1054,127
2809601010,1117,956,161
2809601011,850,812,38
2809601012,1064,996,68
2809601013,1017,972,45
2809601014,921,853,68
2809701001,84,83,1
2809901001,1466,1192,274
2810001001,630,531,99
2810001002,1030,900,130
2810001003,1435,1241,194
2810101001,173,143,30
2810201001,612,528,84
2810401001,1636,1396,240
2810401002,1668,1169,499
2810401003,1530,1385,145
2810401004,665,628,37
2810401005,2036,1907,129
2810401006,1000,944,56
2810401007,1968,1825,143
2810401008,1618,1521,97
2810601001,956,637,319
2810601002,924,524,400
2810601003,1188,768,420
2810601004,1642,1200,442
2810601005,1054,779,275
2810601006,832,632,200
2810601007,944,700,244
2810601008,907,636,271
2810601009,1197,829,368
2810601010,694,479,215
2810601011,1080,629,451
2810601012,915,603,312
2810601013,1060,717,343
2810601014,460,345,115
2810601015,573,495,78
2810601016,941,725,216
2810601017,1092,772,320
2810601018,823,663,160
2810601019,643,453,190
2810601021,814,625,189
2810601022,807,566,241
2810601023,1073,808,265
2810601024,863,626,237
2810601025,833,661,172
2810601026,920,595,325
2810601027,765,619,146
2810601028,1504,1097,407
2810601029,907,686,221
2810601030,1065,764,301
2810601031,825,677,148
2810601032,789,617,172
2810601033,526,350,176
2810601034,1189,950,239
2810601035,1141,802,339
2810601036,898,772,126
2810601037,622,503,119
2810601038,766,597,169
2810601039,1136,1073,63
2810601040,645,546,99
2810601041,1049,868,181
2810601042,1030,960,70
2810601043,1301,1187,114
2810601044,1113,934,179
2810601045,470,428,42
2810601046,545,455,90
2810601047,987,919,68
2810601048,1328,1207,121
2810601049,1099,848,251
2810601050,1010,942,68
2810601051,891,837,54
2810601052,988,925,63
2810601053,955,885,70
2810601054,1347,1243,104
2810601055,629,520,109
2810601056,1019,961,58
2810601057,1561,1448,113
2810601058,2054,1492,562
2810601059,1227,1039,188
2810601060,1545,1307,238
2810601061,653,600,53
2810601062,1238,1055,183
2810601063,1025,961,64
2810601064,916,726,190
2810601065,642,618,24
2810701001,262,250,12
2810801001,1381,1150,231
2810801002,1430,1188,242
2810901001,1250,959,291
2811001001,1421,1197,224
2811101001,426,386,40
2811201001,106,102,4
2811301001,522,392,130
2811301002,971,839,132
2811301003,953,817,136
2811301004,620,520,100
2811301005,1134,965,169
2811301006,1731,1567,164
2811301007,773,703,70
2811301008,610,544,66
2811301009,516,454,62
2811301010,928,853,75
2811301011,1158,1076,82
2811301012,1004,943,61
2811301013,1237,1148,89
2811302001,706,576,130
2811302002,539,428,111
2811302003,716,621,95
2811302004,1141,1024,117
2811302005,728,652,76
2811302006,846,758,88
2811302007,829,727,102
2811302008,1298,1237,61
2811302009,984,916,68
2811302010,834,810,24
2811302011,893,858,35
2811302012,706,660,46
2811302013,659,632,27
2811302014,940,876,64
2811302015,1008,925,83
2811401001,95,92,3
2811501001,1201,1151,50
2811501002,859,800,59
2811501004,503,363,140
2811501005,440,387,53
2811501006,818,761,57
2811501007,428,347,81
2811501008,619,529,90
2811501009,475,416,59
2811501010,629,592,37
2811501011,481,379,102
2811501012,1165,1131,34
2811501013,668,512,156
2811501014,661,613,48
2811501015,829,748,81
2811501016,855,818,37
2811501017,1168,1120,48
2811501018,818,797,21
2811501019,913,846,67
2811501020,714,639,75
2811501021,702,635,67
2811501022,858,812,46
2811501023,739,719,20
2811501024,475,454,21
2811501025,1008,977,31
2811501026,936,864,72
2811501027,634,615,19
2811501028,1151,1074,77
2811501029,1233,1194,39
2811501030,636,615,21
2811501031,1372,1198,174
2811502001,755,736,19
2811502002,914,828,86
2811502003,797,650,147
2811502004,762,714,48
2811502005,928,896,32
2811502006,794,768,26
2811502007,895,831,64
2811502008,722,687,35
2811502009,883,842,41
2811502010,858,764,94
2811502011,342,329,13
2811502012,837,795,42
2811502013,1239,1181,58
2811502014,969,912,57
2811502015,481,461,20
2811502016,780,753,27
2811502017,470,443,27
2811502018,830,785,45
2811502019,724,697,27
2811502020,771,737,34
2811502021,1337,1290,47
2811601001,577,500,77
2811701001,73,70,3
2811801001,37,37,0
2811901001,1660,1506,154
2812001001,914,735,179
2812101001,135,126,9
2812201001,360,329,31
2812301001,1510,1159,351
2812301002,654,611,43
2812301003,599,508,91
2812301004,1074,883,191
2812301005,774,761,13
2812301006,973,928,45
2812301007,801,693,108
2812301008,1220,1147,73
2812301009,852,719,133
2812301010,637,602,35
2812301011,572,463,109
2812301012,752,731,21
2812301013,879,867,12
2812301014,862,847,15
2812301015,903,784,119
2812301016,982,968,14
2812301017,1250,1210,40
2812301018,485,470,15
2812301019,1513,1412,101
2812301020,831,761,70
2812301021,1316,1188,128
2812301022,1732,1492,240
2812301023,1445,1369,76
2812301024,775,759,16
2812301025,1009,916,93
2812301026,852,686,166
2812301027,511,418,93
2812301028,440,430,10
2812301029,1241,1126,115
2812301030,1151,1121,30
2812301031,739,718,21
2812301032,1180,1057,123
2812301033,1027,1001,26
2812301034,1256,1206,50
2812301035,1216,1140,76
2812301036,1379,1293,86
2812301037,1888,1759,129
2812301038,1399,1344,55
2812301039,978,850,128
2812301040,1031,991,40
2812301041,937,805,132
2812401001,43,38,5
2812501001,762,679,83
2812501002,1364,1277,87
2812601001,27,25,2
2812701001,1422,1041,381
2812701002,564,420,144
2812701003,846,813,33
2812701004,899,844,55
2812701005,679,632,47
2812701006,344,303,41
2812701007,498,480,18
2812701008,652,579,73
2812701009,1337,1258,79
2812701010,1321,1028,293
2812701011,834,762,72
2812701012,1133,850,283
2812701013,658,635,23
2812701014,681,644,37
2812701015,1232,964,268
2812701016,945,885,60
2812701017,1360,1289,71
2812701018,1159,1130,29
2812701019,706,673,33
2812701020,685,663,22
2812701021,933,796,137
2812701022,1220,1145,75
2812701023,1129,1082,47
2812701024,947,908,39
2812701025,614,594,20
2812701026,661,645,16
2812701027,561,527,34
2812701028,1000,950,50
2812701029,1337,1284,53
2812701030,545,506,39
2812701031,858,826,32
2812701032,1228,1157,71
2812701033,671,631,40
2812701034,1168,1124,44
2812701035,1231,1193,38
2812701036,1108,1061,47
2812701037,1365,1302,63
2812701038,1517,1425,92
2812701039,723,699,24
2812701040,1247,1202,45
2812701041,767,740,27
2812701042,972,943,29
2812701043,1139,1091,48
2812701044,848,819,29
2812701045,1084,1044,40
2812701046,1295,1241,54
2812701047,520,484,36
2812701048,610,579,31
2812701049,762,722,40
2812801001,310,284,26
2812901001,1276,1071,205
2812901002,896,731,165
2812901003,1487,1307,180
2812901004,1148,995,153
2812901005,878,744,134
2812901006,745,688,57
2813001001,784,656,128
2813001002,943,737,206
2813001003,828,710,118
2813001004,801,626,175
2813001005,1075,1009,66
2813001006,758,603,155
2813001007,980,801,179
2813001008,774,677,97
2813001009,923,747,176
2813001010,776,614,162
2813001011,1143,992,151
2813001012,802,682,120
2813001013,566,506,60
2813001014,885,734,151
2813001015,865,822,43
2813001016,1003,914,89
2813001017,863,822,41
2813001018,835,763,72
2813001019,970,929,41
2813001020,620,507,113
2813001021,766,641,125
2813001022,634,584,50
2813001023,764,728,36
2813101001,1093,927,166
2813101002,729,643,86
2813101003,1125,1015,110
2813101004,925,862,63
2813101005,626,581,45
2813101006,1307,1236,71
2813101007,977,941,36
2813102001,722,635,87
2813102002,1133,1018,115
2813201001,611,461,150
2813201002,960,746,214
2813201003,708,624,84
2813201004,1493,1306,187
2813201005,989,851,138
2813201006,1937,1376,561
2813201007,1594,1428,166
2813201008,1308,1084,224
2813301001,829,752,77
2813301002,1381,1206,175
2813301003,1236,1032,204
2813301004,711,634,77
2813401001,448,397,51
2813401002,515,417,98
2813401003,648,550,98
2813401004,943,794,149
2813401005,923,781,142
2813401006,789,681,108
2813401007,483,401,82
2813401008,672,542,130
2813401009,715,616,99
2813401010,404,318,86
2813401011,584,463,121
2813401012,1021,870,151
2813401014,791,662,129
2813401015,755,616,139
2813401017,565,489,76
2813401018,989,870,119
2813401019,908,847,61
2813401020,513,432,81
2813401021,525,471,54
2813401022,359,304,55
2813401023,322,297,25
2813401024,519,441,78
2813401025,843,732,111
2813401026,622,586,36
2813401027,1209,1025,184
2813401028,631,578,53
2813401029,868,800,68
2813401030,490,485,5
2813401031,758,719,39
2813401032,1000,870,130
2813401033,1384,1158,226
2813401034,452,427,25
2813401035,1055,1035,20
2813401036,728,687,41
2813401037,914,876,38
2813401038,979,925,54
2813401039,1114,1051,63
2813401040,478,472,6
2813401041,1000,964,36
2813401042,1026,927,99
2813401043,1482,1398,84
2813401044,1611,1537,74
2813401045,1650,1559,91
2813401046,907,867,40
2813401047,1269,1114,155
2813401048,1098,1054,44
2813401049,595,570,25
2813401050,1272,1252,20
2813401051,902,812,90
2813401052,949,892,57
2813401053,743,732,11
2813501001,616,579,37
2813601001,437,410,27
2813701001,1270,1157,113
2813801001,40,38,2
2814001001,679,656,23
2814001002,462,439,23
2814001003,825,808,17
2814101001,1352,1177,175
2814101002,1116,949,167
2814101003,1512,1371,141
2814101004,505,482,23
2814301001,44,43,1
2814401001,1301,1105,196
2814401002,820,767,53
2814401003,1049,996,53
2814401004,1053,951,102
2814501001,783,729,54
2814501002,986,835,151
2814601001,1330,1113,217
2814701001,651,618,33
2814801001,641,520,121
2814801002,775,697,78
2814801003,551,467,84
2814801004,465,400,65
2814801005,581,410,171
2814801006,800,672,128
2814801007,724,553,171
2814801008,470,398,72
2814801009,502,429,73
2814801010,941,796,145
2814801011,815,749,66
2814801012,1040,950,90
2814801013,1267,1038,229
2814801014,1065,915,150
2814801015,810,679,131
2814801016,779,669,110
2814801017,723,671,52
2814801018,445,406,39
2814801019,761,729,32
2814801020,784,739,45
2814801021,686,637,49
2814801022,1128,1051,77
2814801023,717,661,56
2814801024,742,683,59
2814801025,840,743,97
2814802001,937,810,127
2814802002,1187,972,215
2814802003,567,439,128
2814802004,976,816,160
2814802005,732,509,223
2814802006,735,548,187
2814802007,529,459,70
2814802008,808,556,252
2814802009,798,613,185
2814802010,685,589,96
2814802011,820,661,159
2814802012,550,470,80
2814802013,637,531,106
2814802014,915,781,134
2814802015,752,689,63
2814802016,1154,1053,101
2814802017,921,838,83
2814802018,1195,1158,37
2814802019,975,921,54
2814802020,894,825,69
2814802021,1167,1080,87
2814802022,1036,860,176
2814802023,1236,1095,141
2814802024,1168,1072,96
2814802025,1377,1261,116
2814802026,1061,1004,57
2814803001,506,338,168
2814803002,823,499,324
2814803003,1011,640,371
2814803005,1025,849,176
2814803006,1170,1132,38
2814803007,845,778,67
2814803008,645,557,88
2814803009,820,762,58
2814804001,731,519,212
2814804002,763,482,281
2814804003,674,561,113
2814804004,834,637,197
2814804005,694,533,161
2814804006,825,585,240
2814804007,722,423,299
2814804008,681,558,123
2814804009,596,397,199
2814804010,605,531,74
2814804011,412,350,62
2814804012,567,423,144
2814804013,789,633,156
2814804014,618,492,126
2814804015,820,668,152
2814804016,647,586,61
2814804017,441,382,59
2814804018,833,648,185
2814804019,1154,1024,130
2814901001,1082,1016,66
2814901002,1472,1357,115
2814901003,749,670,79
2814901004,849,786,63
2815001001,897,857,40
2815001002,608,580,28
2815001003,632,619,13
2815101001,770,680,90
2815102001,707,588,119
2815102002,904,767,137
2815201001,933,808,125
2815201002,1081,997,84
2815201003,1213,1176,37
2815201004,993,919,74
2815201005,1227,1128,99
2815201006,1248,1178,70
2815201007,1190,1144,46
2815201008,1351,1313,38
2815201009,1278,1228,50
2815201010,609,580,29
2815301001,475,437,38
2815401001,1445,1295,150
2815401002,899,795,104
2815401003,689,634,55
2815401004,969,867,102
2815501001,335,302,33
2815601001,758,669,89
2815701001,438,403,35
2815801001,490,424,66
2815901001,391,358,33
2816001001,1344,1057,287
2816001002,1129,924,205
2816001003,1450,1356,94
2816001004,1552,1461,91
2816001005,768,728,40
2816101001,968,840,128
2816101002,1046,889,157
2816101003,938,797,141
2816101004,618,507,111
2816101005,573,458,115
2816101006,1035,841,194
2816101007,958,828,130
2816101008,1229,1179,50
2816101009,675,601,74
2816101010,1204,1102,102
2816101011,1430,1352,78
2816101012,1285,1204,81
2816101013,992,951,41
2816101014,766,731,35
2816101015,947,913,34
2816101016,860,825,35
2816101017,1030,905,125
2816101018,1502,1418,84
2816101019,742,722,20
2816101020,1647,1594,53
2816101021,1117,1072,45
2816101022,1215,1141,74
2816102001,940,767,173
2816102002,1118,1021,97
2816102003,906,754,152
2816102004,1215,1039,176
2816102005,894,732,162
2816102006,559,504,55
2816102007,710,650,60
2816102008,1547,1374,173
2816102009,1157,1042,115
2816102010,1845,1732,113
2816102011,1028,965,63
2816102012,1113,1080,33
2816102013,885,825,60
2816201001,1566,1415,151
2816201002,421,402,19
2816301001,315,293,22
2816401001,1225,1064,161
2816401002,968,891,77
2816501001,1430,1140,290
2816601001,225,199,26
2816701001,1010,808,202
2816701002,1061,1026,35
2816701003,991,892,99
2816701004,1330,1272,58
2816701005,1129,1012,117
2816701006,579,524,55
2816801001,968,819,149
2816901001,1077,993,84
2817001001,955,860,95
2817001002,745,687,58
2817101001,832,716,116
2817101002,825,618,207
2817101003,702,560,142
2817101004,867,762,105
2817201001,1166,1074,92
2817201002,1214,1124,90
2817201003,913,890,23
2817201004,400,383,17
2817201005,1344,1258,86
2817201006,1554,1458,96
2817301001,354,303,51
2817401001,1258,1076,182
2817501001,685,592,93
2817601001,1291,1140,151
2817601002,818,708,110
2817601003,1413,1304,109
2817601004,982,902,80
2817601005,922,794,128
2817601006,1750,1299,451
2817601007,1542,1308,234
2817601008,1195,969,226
2817701001,1199,1034,165
2817701002,1071,932,139
2817701003,1568,1384,184
2817701004,1491,1369,122
2817701005,1715,1601,114
2817701006,1253,1103,150
2817801001,771,715,56
2817901001,1018,926,92
2818001001,649,581,68
2818001002,495,445,50
2818001003,763,679,84
2818001004,856,778,78
2818001005,880,800,80
2818101001,630,533,97
2818101002,1005,913,92
2818101003,904,847,57
2818101004,475,377,98
2818101005,861,757,104
2818101006,1040,978,62
2818101007,658,583,75
2818101008,1038,987,51
2818101009,581,557,24
2818101010,751,698,53
2818101011,852,798,54
2818101012,1109,1069,40
2818101013,817,779,38
2818101014,956,906,50
2818101015,1106,1064,42
2818101016,554,503,51
2818201001,148,134,14
2818301001,834,693,141
2890101001,649,511,138
2890201001,345,320,25
2890301001,1080,1023,57
2890301002,746,688,58
2890301003,844,771,73
2890301004,863,823,40
2890301005,784,729,55
2890301006,1059,991,68
2890301007,1101,996,105
2890301008,1069,980,89
2890301009,774,750,24
2890301010,881,845,36
2890301011,549,533,16
2890301012,505,488,17
2890301013,934,861,73
2890301014,813,758,55
2890301015,750,678,72
2890301016,997,948,49
2890301017,1327,1219,108
2890301018,600,568,32
2890301019,977,900,77
2890301020,770,726,44
2890301021,553,534,19
2890301022,724,713,11
2890301023,1450,1401,49
2890301024,2199,2033,166
Mujeres,,,
    TOTAL,3391662,2974751,416911
2800101001,29,29,0
2800201001,992,879,113
2800201002,1136,954,182
2800301001,82,80,2
2800401001,1481,1296,185
2800401002,1429,1256,173
2800401003,944,803,141
2800401004,742,667,75
2800501001,857,708,149
2800501002,522,424,98
2800501003,909,754,155
2800501004,732,603,129
2800501005,728,609,119
2800501006,656,593,63
2800501007,653,574,79
2800501008,406,346,60
2800501009,600,501,99
2800501010,481,405,76
2800501011,764,619,145
2800501012,968,794,174
2800501013,526,422,104
2800501014,672,559,113
2800501015,1243,968,275
2800501016,604,478,126
2800501017,548,367,181
2800501018,696,472,224
2800501020,856,569,287
2800501021,813,667,146
2800501022,999,739,260
2800501023,678,563,115
2800501024,735,657,78
2800502001,692,566,126
2800502002,563,466,97
2800502003,795,644,151
2800502004,736,553,183
2800502005,668,514,154
2800502006,917,731,186
2800502007,950,759,191
2800502008,1199,978,221
2800502009,402,303,99
2800502010,716,561,155
2800502011,669,573,96
2800502012,568,490,78
2800502013,403,347,56
2800502014,522,404,118
2800502015,413,377,36
2800502016,702,589,113
2800502017,573,475,98
2800502018,907,751,156
2800502019,1115,862,253
2800502020,967,764,203
2800502021,842,667,175
2800502022,646,519,127
2800502023,567,442,125
2800502024,855,693,162
2800502025,782,633,149
2800502026,900,712,188
2800502027,829,705,124
2800502028,897,851,46
2800502029,717,702,15
2800502030,517,438,79
2800502031,928,892,36
2800502032,725,616,109
2800502033,721,622,99
2800502034,798,668,130
2800502035,926,790,136
2800502036,943,818,125
2800502037,540,456,84
2800503001,812,635,177
2800503002,630,484,146
2800503003,695,428,267
2800503004,771,651,120
2800503005,560,393,167
2800503006,903,706,197
2800503007,1148,934,214
2800503008,636,502,134
2800503009,772,573,199
2800503011,773,608,165
2800503012,710,574,136
2800503013,802,754,48
2800503014,1453,1241,212
2800503015,1275,1216,59
2800503016,1145,1060,85
2800503017,1069,1003,66
2800504001,1592,1310,282
2800504002,817,786,31
2800504003,928,887,41
2800504004,708,683,25
2800504005,907,823,84
2800504006,1000,927,73
2800504007,1266,1217,49
2800504008,1065,1021,44
2800504009,1131,1035,96
2800504010,1196,1116,80
2800504011,1257,1186,71
2800504012,944,807,137
2800504013,1048,1017,31
2800504014,943,899,44
2800504015,650,594,56
2800504016,837,817,20
2800504017,1700,1610,90
2800505001,644,441,203
2800505002,923,722,201
2800505003,814,653,161
2800505004,668,526,142
2800505005,658,533,125
2800505006,451,389,62
2800505007,990,883,107
2800505008,519,452,67
2800505009,710,582,128
2800505010,411,322,89
2800505011,741,586,155
2800505012,966,735,231
2800505013,555,535,20
2800505014,1143,992,151
2800505015,730,706,24
2800505016,481,454,27
2800505017,907,676,231
2800505018,519,418,101
2800505019,394,313,81
2800505020,877,680,197
2800505021,989,811,178
2800505022,1014,953,61
2800505023,929,781,148
2800505024,839,605,234
2800505025,772,564,208
2800505026,816,587,229
2800505027,419,314,105
2800505028,538,513,25
2800505029,937,833,104
2800505030,346,332,14
2800505031,383,365,18
2800505032,951,916,35
2800601001,920,739,181
2800601002,1343,1010,333
2800601003,1010,699,311
2800601004,1315,977,338
2800601005,475,377,98
2800601006,800,609,191
2800601007,967,752,215
2800601008,1026,745,281
2800601009,1345,1040,305
2800601011,389,319,70
2800601012,630,518,112
2800601013,898,774,124
2800601014,887,723,164
2800601015,1001,847,154
2800601016,841,636,205
2800601017,608,469,139
2800601018,942,749,193
2800601019,378,301,77
2800601020,497,418,79
2800601021,853,716,137
2800601022,811,696,115
2800601023,1087,934,153
2800601024,647,537,110
2800601025,873,792,81
2800601026,564,527,37
2800601027,1253,1089,164
2800601028,870,823,47
2800601029,672,621,51
2800601030,1141,1071,70
2800601031,888,813,75
2800601032,1090,988,102
2800601033,1169,986,183
2800601034,688,588,100
2800601035,489,378,111
2800601036,1123,828,295
2800601037,1866,1618,248
2800601038,861,784,77
2800601039,1472,1287,185
2800601040,1010,787,223
2800601041,1181,948,233
2800601042,750,603,147
2800601043,606,442,164
2800601044,923,883,40
2800601045,883,824,59
2800601046,476,394,82
2800601047,523,491,32
2800601048,1220,1042,178
2800601049,841,801,40
2800601050,925,894,31
2800601051,1170,1126,44
2800601052,722,703,19
2800601053,1152,1120,32
2800601054,1078,966,112
2800601055,1133,1074,59
2800601056,956,901,55
2800601057,1031,980,51
2800601058,728,712,16
2800601059,1613,1332,281
2800601060,570,511,59
2800601061,561,522,39
2800601062,887,855,32
2800601063,1007,943,64
2800601064,997,965,32
2800601065,814,797,17
2800601066,1212,1158,54
2800701001,627,571,56
2800701002,1022,851,171
2800701003,730,648,82
2800701004,701,565,136
2800701005,845,737,108
2800701006,464,392,72
2800701007,750,562,188
2800701008,1019,831,188
2800701010,762,603,159
2800701011,746,579,167
2800701012,695,543,152
2800701013,595,480,115
2800701014,497,408,89
2800701015,554,504,50
2800701016,1513,1323,190
2800701017,1057,1030,27
2800701018,687,659,28
2800701019,926,858,68
2800701020,1369,1301,68
2800702001,548,469,79
2800702002,403,354,49
2800702003,716,658,58
2800702004,568,516,52
2800702005,672,611,61
2800702006,808,756,52
2800702007,381,361,20
2800702008,368,352,16
2800702009,643,595,48
2800702010,506,475,31
2800702011,640,583,57
2800702012,603,519,84
2800702013,678,626,52
2800702014,784,694,90
2800702015,908,853,55
2800702016,1133,1065,68
2800702017,690,657,33
2800702019,858,837,21
2800702020,699,667,32
2800702021,878,856,22
2800702022,879,796,83
2800702023,407,363,44
2800702024,488,450,38
2800702025,474,442,32
2800702026,335,308,27
2800702027,613,562,51
2800702028,702,656,46
2800702029,640,595,45
2800702030,554,538,16
2800702031,860,832,28
2800702032,839,828,11
2800702033,1018,971,47
2800702034,1366,1342,24
2800702035,1158,1127,31
2800702036,430,414,16
2800702037,649,629,20
2800702038,1006,977,29
2800703001,973,819,154
2800703002,577,473,104
2800703003,442,395,47
2800703004,634,536,98
2800703005,714,635,79
2800703006,480,407,73
2800703007,479,407,72
2800703008,468,383,85
2800703009,674,603,71
2800703010,725,587,138
2800703011,422,387,35
2800703012,896,850,46
2800703013,708,655,53
2800703014,685,637,48
2800703015,632,600,32
2800703016,638,606,32
2800703017,638,581,57
2800703018,732,675,57
2800703019,858,787,71
2800703020,574,539,35
2800703021,676,594,82
2800703022,437,421,16
2800703023,427,386,41
2800703024,622,555,67
2800703025,577,494,83
2800703026,458,404,54
2800703027,398,379,19
2800703028,329,290,39
2800703029,487,410,77
2800704001,477,364,113
2800704002,556,409,147
2800704003,659,491,168
2800704004,743,599,144
2800704005,607,459,148
2800704006,456,413,43
2800704007,908,835,73
2800704008,867,785,82
2800704009,835,646,189
2800704010,411,328,83
2800704011,726,569,157
2800704012,569,463,106
2800704013,687,562,125
2800704014,504,436,68
2800704015,791,713,78
2800704016,653,602,51
2800704017,583,512,71
2800704018,825,783,42
2800704019,533,506,27
2800704020,871,842,29
2800704021,669,563,106
2800704022,607,564,43
2800704023,1155,1138,17
2800704024,812,799,13
2800704025,1241,1218,23
2800704026,1089,1061,28
2800704027,1452,1414,38
2800704028,1361,1341,20
2800704029,502,496,6
2800704030,1114,1066,48
2800704031,784,744,40
2800704032,899,850,49
2800704033,1046,998,48
2800704034,1028,988,40
2800704035,1065,967,98
2800801001,1239,1030,209
2800901001,1511,1324,187
2800901002,1410,1286,124
2800901003,957,833,124
2800901004,868,747,121
2800901005,1155,1056,99
2800901006,737,648,89
2800901007,1038,958,80
2800901008,1511,1405,106
2800901009,1110,1030,80
2801001001,1254,1126,128
2801001002,1189,1052,137
2801001003,1185,1110,75
2801001004,1392,1291,101
2801001005,1581,1484,97
2801001006,659,605,54
2801101001,325,241,84
2801201001,591,530,61
2801301001,788,633,155
2801301002,1135,998,137
2801301003,1026,932,94
2801301004,605,471,134
2801301005,753,565,188
2801301006,539,398,141
2801301007,599,566,33
2801301008,1078,1050,28
2801301009,875,808,67
2801302001,661,572,89
2801302002,1064,944,120
2801302003,1348,1070,278
2801302004,686,633,53
2801302005,1200,976,224
2801302006,1030,870,160
2801302007,1391,1308,83
2801302008,1047,914,133
2801303001,572,492,80
2801303002,1281,1123,158
2801303003,1260,1105,155
2801303004,767,698,69
2801303005,910,820,90
2801303006,853,745,108
2801303007,839,800,39
2801303008,787,756,31
2801303009,621,594,27
2801303010,1194,1133,61
2801304001,484,438,46
2801304002,735,680,55
2801304003,730,662,68
2801304004,1384,1249,135
2801304005,1584,1377,207
2801401001,721,488,233
2801401002,1022,713,309
2801401003,885,588,297
2801401004,916,644,272
2801401005,1183,688,495
2801401006,389,297,92
2801401007,779,559,220
2801401008,718,579,139
2801401009,1155,806,349
2801401010,1203,971,232
2801401011,1083,961,122
2801401012,1227,846,381
2801401013,1537,1075,462
2801401014,685,593,92
2801401015,895,744,151
2801401016,702,425,277
2801401017,1284,1094,190
2801401018,805,580,225
2801401019,944,804,140
2801401020,1077,1011,66
2801401021,1283,1212,71
2801401022,1255,1052,203
2801401023,933,806,127
2801401024,1230,1115,115
2801401025,1412,1265,147
2801401026,1492,1299,193
2801501001,498,440,58
2801501002,999,896,103
2801501003,886,799,87
2801501004,966,920,46
2801501005,901,858,43
2801501006,1056,1006,50
2801501007,1207,1133,74
2801501008,1551,1468,83
2801501009,1257,1168,89
2801501010,1140,1078,62
2801501011,1477,1423,54
2801501012,950,884,66
2801501013,879,737,142
2801501014,737,679,58
2801601001,41,40,1
2801701001,787,743,44
2801801001,1375,1159,216
2801801002,1372,1250,122
2801901001,774,717,57
2802001001,83,73,10
2802101001,359,325,34
2802201001,1003,731,272
2802201002,419,374,45
2802201003,1241,1134,107
2802201004,1062,925,137
2802201005,707,673,34
2802201006,877,785,92
2802201007,961,893,68
2802201008,627,479,148
2802201009,588,556,32
2802201010,1245,1155,90
2802201011,792,740,52
2802201012,1164,1104,60
2802201013,1581,1498,83
2802201014,956,909,47
2802201015,1241,1182,59
2802201016,1025,999,26
2802201017,1081,1006,75
2802201018,1599,1536,63
2802201019,1237,1140,97
2802201020,1295,1239,56
2802201021,1005,961,44
2802201022,825,759,66
2802201023,1618,1536,82
2802201024,918,874,44
2802201025,1233,1167,66
2802301001,1118,994,124
2802301002,1611,1400,211
2802301003,905,795,110
2802401001,86,77,9
2802501001,231,209,22
2802601001,946,685,261
2802601002,943,735,208
2802601003,749,699,50
2802601004,1171,994,177
2802601005,1439,1126,313
2802701001,967,762,205
2802801001,1202,1086,116
2802901001,341,312,29
2803001001,1292,1080,212
2803101001,1454,1194,260
2803201001,1387,1206,181
2803201002,1017,903,114
2803201003,1090,1023,67
2803301001,921,757,164
2803301002,1229,1032,197
2803301003,823,684,139
2803401001,207,189,18
2803501001,979,828,151
2803601001,943,868,75
2803601002,840,804,36
2803701001,540,490,50
2803701002,471,432,39
2803801001,1445,1260,185
2803801002,810,704,106
2803801003,1245,1157,88
2803901001,64,58,6
2804001001,522,460,62
2804001002,738,578,160
2804001003,800,674,126
2804002001,1225,1100,125
2804002002,739,623,116
2804002003,1401,1118,283
2804002004,1342,1189,153
2804002005,1495,1349,146
2804002006,1124,1038,86
2804003001,1178,902,276
2804003002,1222,1049,173
2804101001,1000,830,170
2804101002,1377,1234,143
2804101003,1252,1086,166
2804201001,793,693,100
2804301001,576,543,33
2804301002,1049,970,79
2804302001,727,683,44
2804302002,682,643,39
2804302003,817,732,85
2804401001,976,795,181
2804401002,1629,1427,202
2804401003,1140,990,150
2804401004,836,815,21
2804501001,1218,1074,144
2804501002,1147,1007,140
2804501003,897,715,182
2804501004,1122,955,167
2804501005,665,599,66
2804501006,1178,998,180
2804501007,1077,778,299
2804501008,1256,1138,118
2804501009,740,598,142
2804501010,956,727,229
2804501011,587,556,31
2804501012,1255,1136,119
2804501013,1491,1389,102
2804501014,882,701,181
2804501015,811,665,146
2804501016,1172,900,272
2804501017,1239,1084,155
2804501018,875,844,31
2804501019,694,667,27
2804501020,1033,1001,32
2804501021,1350,1313,37
2804501022,551,531,20
2804501023,1141,1059,82
2804501024,1248,1164,84
2804601001,783,673,110
2804601002,933,826,107
2804601003,1013,851,162
2804601004,601,491,110
2804701001,1058,945,113
2804701002,578,365,213
2804701003,1170,1099,71
2804701004,1737,1266,471
2804701005,1714,1307,407
2804701006,982,672,310
2804701007,1188,987,201
2804701008,815,712,103
2804701009,876,765,111
2804701010,846,607,239
2804701011,982,807,175
2804701012,898,625,273
2804701013,1394,1058,336
2804701014,1124,885,239
2804701015,725,507,218
2804701016,1545,1294,251
2804701017,873,814,59
2804701018,1062,896,166
2804701019,1057,987,70
2804701020,1118,1041,77
2804701021,950,846,104
2804701022,1050,903,147
2804701023,670,546,124
2804701024,849,789,60
2804701025,1041,930,111
2804701026,1291,1190,101
2804701027,860,812,48
2804701028,880,798,82
2804701029,928,655,273
2804701030,906,671,235
2804701031,716,677,39
2804801001,321,301,20
2804901001,448,313,135
2804901002,805,657,148
2804901003,701,427,274
2804901004,1195,867,328
2804901005,635,482,153
2804901006,779,639,140
2804901007,1227,903,324
2804901008,672,427,245
2804901009,664,414,250
2804901010,754,472,282
2804901011,493,333,160
2804901013,763,518,245
2804901014,532,366,166
2804901015,673,460,213
2804901016,585,386,199
2804901017,726,590,136
2804901018,692,678,14
2804901019,801,771,30
2804901020,671,634,37
2804901021,1186,1108,78
2804901022,720,691,29
2804901023,908,878,30
2804901024,1138,1071,67
2804902001,919,814,105
2804902002,598,500,98
2804902003,560,469,91
2804902004,883,699,184
2804902005,1084,973,111
2804902006,1129,1079,50
2804902007,366,287,79
2804902008,635,466,169
2804902009,484,405,79
2804902010,585,477,108
2804902011,565,450,115
2804902012,696,545,151
2804902013,403,323,80
2804902014,809,673,136
2804902015,1042,903,139
2804902016,1145,1003,142
2804902017,557,520,37
2804902018,544,524,20
2804902019,691,672,19
2804902020,756,735,21
2804902021,652,567,85
2804903001,874,717,157
2804903002,899,675,224
2804903003,937,833,104
2804903004,1086,1000,86
2804903005,958,903,55
2804903006,893,835,58
2804903007,785,723,62
2804903008,518,416,102
2804903009,937,754,183
2804904002,1471,1044,427
2805001001,734,698,36
2805001002,1204,1140,64
2805001003,1150,1033,117
2805101001,1090,972,118
2805201001,976,859,117
2805201002,1024,899,125
2805201003,595,546,49
2805301001,1030,902,128
2805301002,1240,1177,63
2805301003,1440,1323,117
2805301004,1333,1248,85
2805401001,1185,1005,180
2805401002,1369,1165,204
2805401003,858,770,88
2805401004,921,809,112
2805402001,1406,1287,119
2805402002,766,712,54
2805402003,684,637,47
2805402004,698,660,38
2805501001,621,505,116
2805601001,758,573,185
2805701001,1006,918,88
2805801002,771,661,110
2805801003,583,511,72
2805801004,1265,1132,133
2805801005,693,599,94
2805801006,558,478,80
2805801007,487,440,47
2805802001,752,656,96
2805802002,922,808,114
2805802003,743,646,97
2805802004,664,615,49
2805802005,606,538,68
2805802006,686,611,75
2805802007,529,426,103
2805802008,567,454,113
2805802009,999,911,88
2805802010,686,582,104
2805802011,852,763,89
2805802012,913,756,157
2805802013,482,428,54
2805802014,522,489,33
2805802015,358,332,26
2805802016,621,507,114
2805802017,468,418,50
2805803001,658,580,78
2805803002,710,631,79
2805803003,913,687,226
2805803004,921,687,234
2805803005,699,576,123
2805803006,669,556,113
2805803007,960,734,226
2805803008,1211,1097,114
2805803009,939,863,76
2805803010,695,636,59
2805804001,833,566,267
2805804002,806,628,178
2805804003,851,696,155
2805804004,615,522,93
2805804005,993,795,198
2805804006,1072,929,143
2805804007,1181,1081,100
2805804008,1172,1104,68
2805804009,807,684,123
2805804010,776,655,121
2805804011,576,488,88
2805804012,527,391,136
2805804013,838,730,108
2805804014,968,927,41
2805804015,1126,1076,50
2805804016,734,712,22
2805805001,1338,1202,136
2805805002,1105,985,120
2805805003,608,538,70
2805805004,564,515,49
2805805005,945,740,205
2805805006,1141,983,158
2805806001,497,461,36
2805806002,758,732,26
2805806003,1121,1030,91
2805806004,1090,1040,50
2805806005,1076,992,84
2805806006,910,846,64
2805806007,878,804,74
2805806008,991,899,92
2805806009,1040,920,120
2805806010,883,809,74
2805806011,884,806,78
2805806012,785,722,63
2805806013,1058,943,115
2805806014,1132,1050,82
2805806015,943,897,46
2805806016,944,904,40
2805806017,884,854,30
2805806018,771,708,63
2805806019,797,765,32
2805807001,821,638,183
2805807002,790,691,99
2805807003,943,837,106
2805807004,1128,957,171
2805807005,571,514,57
2805807006,945,858,87
2805807007,815,791,24
2805807008,476,439,37
2805807009,558,462,96
2805807010,473,446,27
2805807011,640,573,67
2805807012,550,493,57
2805807013,613,550,63
2805807014,918,886,32
2805807015,921,852,69
2805807016,1207,1149,58
2805808001,725,647,78
2805808002,418,357,61
2805808003,398,354,44
2805808004,633,584,49
2805808005,643,542,101
2805808006,893,799,94
2805808007,942,830,112
2805808008,1047,949,98
2805808009,1017,904,113
2805808010,659,601,58
2805808011,561,513,48
2805808012,684,627,57
2805808013,937,849,88
2805808014,651,583,68
2805808015,827,767,60
2805808016,824,793,31
2805809001,722,634,88
2805809002,1296,1202,94
2805809003,866,779,87
2805809004,1103,1065,38
2805809005,1195,1137,58
2805809006,1070,1013,57
2805809007,1069,991,78
2805809008,1265,1218,47
2805809009,1277,1219,58
2805809010,1121,1062,59
2805809011,1107,1056,51
2805809012,993,961,32
2805901001,1407,1190,217
2805901002,865,817,48
2805901003,894,692,202
2806001001,977,895,82
2806101001,1549,1280,269
2806101002,1629,1309,320
2806101003,1485,1069,416
2806101004,1537,1175,362
2806101005,1237,1122,115
2806101006,1005,938,67
2806101007,1046,999,47
2806101008,1122,1042,80
2806101009,1448,1358,90
2806101010,608,556,52
2806101011,1796,1206,590
2806101012,1436,1085,351
2806101013,857,763,94
2806201001,150,143,7
2806301001,139,127,12
2806401001,71,67,4
2806501002,1131,926,205
2806501003,384,338,46
2806501004,640,513,127
2806501005,1180,1015,165
2806501006,1359,1187,172
2806501007,563,496,67
2806501008,724,622,102
2806501009,578,503,75
2806501010,764,614,150
2806501011,1069,878,191
2806501012,693,571,122
2806501013,521,441,80
2806501014,671,548,123
2806501015,748,650,98
2806501016,709,587,122
2806501017,655,538,117
2806501018,737,664,73
2806501019,657,502,155
2806502001,654,561,93
2806502002,616,498,118
2806502003,839,691,148
2806502004,733,523,210
2806502005,781,582,199
2806502006,640,460,180
2806502007,642,427,215
2806502009,702,574,128
2806502010,1021,848,173
2806502011,553,439,114
2806502012,895,764,131
2806502013,1100,980,120
2806502014,796,624,172
2806502015,479,402,77
2806502016,1312,1216,96
2806502017,1247,1222,25
2806502018,926,869,57
2806502019,1165,1102,63
2806502020,1159,1109,50
2806502021,1398,1326,72
2806503001,732,610,122
2806503002,493,415,78
2806503003,743,547,196
2806503004,592,450,142
2806503005,557,433,124
2806503006,798,632,166
2806503007,830,699,131
2806503008,709,584,125
2806503009,1079,933,146
2806503010,622,524,98
2806503011,565,425,140
2806503012,686,548,138
2806503013,546,490,56
2806503014,624,516,108
2806503015,515,452,63
2806503016,648,509,139
2806503017,408,400,8
2806503018,559,541,18
2806503019,752,736,16
2806503020,320,303,17
2806503021,413,409,4
2806503022,586,558,28
2806503023,336,333,3
2806503024,615,584,31
2806503025,583,547,36
2806503026,456,433,23
2806503027,485,469,16
2806503028,804,688,116
2806503029,751,715,36
2806503030,925,890,35
2806503031,438,417,21
2806503032,586,530,56
2806503033,1679,1589,90
2806503034,811,800,11
2806503035,1003,953,50
2806503036,946,857,89
2806503037,1028,984,44
2806503038,1323,1279,44
2806503039,1045,970,75
2806503040,917,887,30
2806503041,620,597,23
2806503042,1624,1525,99
2806503043,1755,1655,100
2806503044,1002,876,126
2806504001,750,579,171
2806504002,804,651,153
2806504003,827,692,135
2806504004,655,495,160
2806504005,501,431,70
2806504006,577,476,101
2806504007,658,560,98
2806504008,456,368,88
2806504009,738,570,168
2806504010,773,602,171
2806504011,480,421,59
2806504012,586,482,104
2806504013,685,559,126
2806504014,598,494,104
2806504015,737,612,125
2806504016,769,576,193
2806504017,660,524,136
2806504018,746,604,142
2806504021,376,302,74
2806504023,762,650,112
2806504024,434,355,79
2806504025,364,314,50
2806504026,698,602,96
2806504027,759,708,51
2806504028,713,673,40
2806504029,1463,1318,145
2806504030,1226,1185,41
2806504031,913,862,51
2806504032,1254,1149,105
2806504033,1612,1463,149
2806504034,2089,1995,94
2806504035,1383,1297,86
2806601001,1313,1202,111
2806601002,922,839,83
2806601003,1299,1219,80
2806601004,701,677,24
2806601005,824,785,39
2806701001,1086,914,172
2806701002,1057,930,127
2806701003,878,767,111
2806801001,481,399,82
2806801002,1401,1235,166
2806801003,1013,848,165
2806801004,1111,989,122
2806801005,913,812,101
2806801006,1000,891,109
2806801007,1054,976,78
2806801008,961,903,58
2806901001,19,19,0
2807001001,64,57,7
2807101001,45,39,6
2807201001,1432,1229,203
2807201002,1466,1324,142
2807201003,1095,1018,77
2807301001,1358,1207,151
2807301002,1303,1034,269
2807301003,854,708,146
2807301004,906,777,129
2807301005,1118,965,153
2807301006,1447,1238,209
2807301007,1538,1432,106
2807301008,1224,1119,105
2807401001,574,507,67
2807401002,374,340,34
2807401003,721,616,105
2807401004,512,451,61
2807401005,663,591,72
2807401006,829,727,102
2807401007,614,548,66
2807401008,504,434,70
2807401009,803,722,81
2807401010,489,427,62
2807401011,648,525,123
2807401012,541,442,99
2807401013,425,370,55
2807401014,515,438,77
2807401015,432,355,77
2807401016,644,534,110
2807401017,496,445,51
2807401018,1020,935,85
2807401019,462,408,54
2807401020,683,638,45
2807401021,397,330,67
2807401022,469,399,70
2807401023,527,441,86
2807401024,830,741,89
2807401025,1000,909,91
2807401026,634,624,10
2807402001,695,577,118
2807402002,577,479,98
2807402003,758,640,118
2807402004,412,338,74
2807402005,527,441,86
2807402006,452,360,92
2807402008,640,517,123
2807402009,523,449,74
2807402010,523,409,114
2807402011,600,562,38
2807402012,382,324,58
2807402013,802,685,117
2807402014,491,430,61
2807402015,560,490,70
2807402016,489,401,88
2807402017,635,525,110
2807402019,740,595,145
2807402020,603,535,68
2807402021,432,361,71
2807402022,333,319,14
2807403001,576,506,70
2807403002,636,514,122
2807403003,549,455,94
2807403004,565,463,102
2807403005,419,336,83
2807403006,607,512,95
2807403007,667,549,118
2807403008,847,686,161
2807403012,925,754,171
2807403013,717,583,134
2807403014,781,693,88
2807403015,985,943,42
2807403016,843,804,39
2807403017,606,577,29
2807403018,1181,1075,106
2807403019,766,733,33
2807403020,1106,1046,60
2807403021,1319,1269,50
2807403022,887,865,22
2807403023,1418,1366,52
2807404001,685,595,90
2807404002,641,563,78
2807404003,598,540,58
2807404004,511,464,47
2807404005,617,581,36
2807404006,505,448,57
2807404007,541,506,35
2807404008,522,479,43
2807404009,699,630,69
2807404010,710,636,74
2807404011,449,432,17
2807404012,486,422,64
2807404013,658,613,45
2807404014,484,438,46
2807404015,511,482,29
2807404016,433,402,31
2807404017,708,667,41
2807404018,598,531,67
2807404019,697,632,65
2807404020,544,468,76
2807404021,601,543,58
2807404022,516,454,62
2807404023,699,644,55
2807404024,607,572,35
2807404025,575,518,57
2807404026,498,462,36
2807404027,464,403,61
2807404028,543,489,54
2807404029,558,513,45
2807404030,558,528,30
2807404031,500,452,48
2807404032,699,639,60
2807404033,583,532,51
2807404034,579,528,51
2807404035,624,568,56
2807404036,646,569,77
2807404037,663,616,47
2807404038,564,519,45
2807404039,486,454,32
2807404040,548,524,24
2807404041,515,493,22
2807405001,796,745,51
2807405002,1039,970,69
2807405003,843,801,42
2807405004,521,508,13
2807405005,740,714,26
2807405006,711,676,35
2807405007,778,707,71
2807405008,482,462,20
2807405009,802,773,29
2807405010,1402,1348,54
2807405011,543,507,36
2807405012,1632,1515,117
2807405013,664,656,8
2807405014,683,665,18
2807405015,667,644,23
2807405016,1183,1106,77
2807405017,926,856,70
2807405018,671,600,71
2807405019,1276,1224,52
2807406001,715,611,104
2807406002,504,431,73
2807406003,1250,1117,133
2807406004,791,626,165
2807406005,742,613,129
2807406006,592,476,116
2807406008,926,781,145
2807406010,932,895,37
2807407001,595,588,7
2807407002,909,888,21
2807407003,999,979,20
2807407004,1368,1331,37
2807407005,1118,1093,25
2807407006,1577,1486,91
2807501001,1166,1023,143
2807501002,1476,1300,176
2807501003,1579,1437,142
2807601001,267,215,52
2807801001,17,17,0
2807901001,588,481,107
2807901002,474,360,114
2807901003,860,622,238
2807901004,664,573,91
2807901006,865,726,139
2807901007,427,368,59
2807901008,398,321,77
2807901009,650,554,96
2807901011,526,456,70
2807901012,402,325,77
2807901013,572,460,112
2807901014,708,600,108
2807901015,776,665,111
2807901016,525,443,82
2807901018,896,800,96
2807901019,655,585,70
2807901020,622,543,79
2807901021,943,835,108
2807901022,655,569,86
2807901023,750,613,137
2807901024,621,513,108
2807901025,470,370,100
2807901026,673,539,134
2807901027,548,420,128
2807901028,638,479,159
2807901029,648,513,135
2807901030,520,413,107
2807901031,558,472,86
2807901032,939,799,140
2807901033,569,457,112
2807901034,660,450,210
2807901035,690,553,137
2807901036,536,439,97
2807901037,578,452,126
2807901038,560,409,151
2807901039,480,378,102
2807901040,385,292,93
2807901041,448,337,111
2807901042,487,394,93
2807901043,523,401,122
2807901045,608,479,129
2807901046,751,590,161
2807901047,980,723,257
2807901048,599,478,121
2807901049,613,466,147
2807901050,643,504,139
2807901051,627,447,180
2807901053,644,519,125
2807901054,438,364,74
2807901055,522,451,71
2807901056,455,399,56
2807901057,785,693,92
2807901058,350,305,45
2807901059,741,608,133
2807901061,393,326,67
2807901062,522,423,99
2807901063,383,290,93
2807901064,384,311,73
2807901065,408,327,81
2807901066,713,540,173
2807901067,510,385,125
2807901068,404,329,75
2807901069,447,318,129
2807901071,377,324,53
2807901072,753,593,160
2807901073,797,666,131
2807901074,706,530,176
2807901075,632,459,173
2807901076,596,466,130
2807901077,616,512,104
2807901079,703,574,129
2807901081,748,552,196
2807901082,786,654,132
2807901084,697,606,91
2807901087,662,546,116
2807901088,532,470,62
2807901089,772,669,103
2807901090,447,393,54
2807901091,573,464,109
2807901092,368,295,73
2807901093,734,561,173
2807901094,661,512,149
2807901095,663,500,163
2807901096,545,408,137
2807901097,669,546,123
2807901098,608,471,137
2807901099,592,483,109
2807901100,567,469,98
2807901101,635,488,147
2807901102,609,506,103
2807901103,716,615,101
2807901104,603,499,104
2807901105,627,556,71
2807901106,589,539,50
2807901107,600,529,71
2807901108,684,588,96
2807901109,463,380,83
2807901110,464,361,103
2807901111,531,414,117
2807901112,522,383,139
2807901113,547,399,148
2807901114,735,538,197
2807901115,511,388,123
2807901116,612,447,165
2807901117,821,607,214
2807901118,343,237,106
2807901119,534,361,173
2807901120,404,300,104
2807901121,792,627,165
2807901123,360,304,56
2807901124,377,294,83
2807902001,599,524,75
2807902002,805,699,106
2807902003,625,579,46
2807902004,533,506,27
2807902005,430,383,47
2807902006,1162,1097,65
2807902007,403,374,29
2807902008,893,798,95
2807902009,1088,1059,29
2807902010,603,546,57
2807902011,599,576,23
2807902013,674,631,43
2807902014,607,568,39
2807902015,846,793,53
2807902016,941,894,47
2807902017,988,945,43
2807902018,1207,1168,39
2807902019,818,790,28
2807902020,626,580,46
2807902021,617,567,50
2807902022,533,466,67
2807902023,626,557,69
2807902024,930,838,92
2807902025,433,365,68
2807902026,719,649,70
2807902027,525,510,15
2807902028,436,353,83
2807902029,399,332,67
2807902030,727,686,41
2807902031,591,571,20
2807902032,370,340,30
2807902033,654,595,59
2807902034,456,410,46
2807902035,551,488,63
2807902036,523,481,42
2807902037,669,631,38
2807902038,575,536,39
2807902039,403,377,26
2807902040,956,869,87
2807902041,1036,896,140
2807902042,1004,893,111
2807902043,559,486,73
2807902044,976,811,165
2807902045,568,462,106
2807902046,758,610,148
2807902047,855,649,206
2807902048,634,516,118
2807902049,898,856,42
2807902050,866,708,158
2807902051,931,861,70
2807902052,735,702,33
2807902053,912,844,68
2807902054,611,527,84
2807902055,651,585,66
2807902056,562,501,61
2807902057,833,682,151
2807902058,884,713,171
2807902059,382,335,47
2807902060,712,630,82
2807902061,455,384,71
2807902062,561,484,77
2807902063,861,755,106
2807902064,919,833,86
2807902065,899,729,170
2807902066,1313,1175,138
2807902067,786,653,133
2807902068,664,527,137
2807902069,461,411,50
2807902070,734,655,79
2807902071,786,722,64
2807902072,843,734,109
2807902073,908,796,112
2807902074,928,813,115
2807902075,1063,880,183
2807902077,609,531,78
2807902078,434,375,59
2807902079,655,593,62
2807902080,471,426,45
2807902081,612,538,74
2807902082,679,547,132
2807902083,564,536,28
2807902085,658,643,15
2807902086,702,655,47
2807902087,1178,1146,32
2807902088,380,344,36
2807902089,599,573,26
2807902090,1011,975,36
2807902091,632,605,27
2807902092,1081,1023,58
2807902093,790,756,34
2807902094,926,915,11
2807902095,890,842,48
2807902096,910,891,19
2807902097,1418,1351,67
2807902098,653,589,64
2807902099,1592,1471,121
2807902100,717,664,53
2807902101,780,735,45
2807902102,925,895,30
2807902103,1258,1140,118
2807902104,1282,1197,85
2807902105,1359,1229,130
2807902106,1198,1136,62
2807902107,657,624,33
2807902108,520,508,12
2807902109,817,760,57
2807902110,811,773,38
2807903001,912,878,34
2807903002,526,458,68
2807903003,513,474,39
2807903004,613,511,102
2807903005,412,357,55
2807903006,1201,1139,62
2807903007,519,426,93
2807903008,592,543,49
2807903009,553,508,45
2807903010,562,539,23
2807903011,611,559,52
2807903012,573,540,33
2807903013,577,531,46
2807903014,686,643,43
2807903015,565,481,84
2807903016,449,378,71
2807903017,704,638,66
2807903018,1091,1011,80
2807903019,1052,1009,43
2807903020,745,674,71
2807903021,926,816,110
2807903022,605,499,106
2807903023,512,470,42
2807903024,693,648,45
2807903025,1197,1120,77
2807903026,962,893,69
2807903027,685,622,63
2807903028,790,716,74
2807903029,803,771,32
2807903030,419,410,9
2807903031,627,580,47
2807903032,583,557,26
2807903033,863,803,60
2807903034,776,744,32
2807903035,598,572,26
2807903036,524,512,12
2807903037,695,688,7
2807903038,583,567,16
2807903039,447,437,10
2807903040,420,407,13
2807903041,639,617,22
2807903042,630,601,29
2807903044,633,592,41
2807903045,530,509,21
2807903046,482,459,23
2807903047,880,829,51
2807903048,669,620,49
2807903049,994,938,56
2807903050,793,731,62
2807903051,639,572,67
2807903052,556,507,49
2807903053,783,705,78
2807903054,699,636,63
2807903055,519,439,80
2807903056,633,581,52
2807903057,606,556,50
2807903058,705,601,104
2807903059,644,562,82
2807903060,407,362,45
2807903061,505,439,66
2807903062,357,307,50
2807903063,444,391,53
2807903064,515,481,34
2807903065,411,389,22
2807903066,472,422,50
2807903067,658,603,55
2807903069,452,386,66
2807903070,401,354,47
2807903071,780,624,156
2807903073,865,804,61
2807903074,660,629,31
2807903076,590,558,32
2807903077,876,819,57
2807903078,812,765,47
2807903079,715,671,44
2807903080,962,902,60
2807903081,976,934,42
2807903082,809,764,45
2807903084,831,774,57
2807903085,452,431,21
2807903086,575,532,43
2807903087,904,876,28
2807903088,346,326,20
2807903089,1027,989,38
2807903090,600,594,6
2807903091,864,844,20
2807903092,1142,1087,55
2807903093,611,594,17
2807903094,438,428,10
2807903095,1030,993,37
2807903096,1073,1047,26
2807903097,1426,1346,80
2807903098,952,866,86
2807903099,756,694,62
2807904001,532,414,118
2807904002,568,476,92
2807904003,434,358,76
2807904004,498,434,64
2807904005,455,392,63
2807904006,536,437,99
2807904007,733,607,126
2807904008,611,467,144
2807904009,1078,964,114
2807904010,414,348,66
2807904011,823,723,100
2807904012,702,605,97
2807904013,537,464,73
2807904014,655,549,106
2807904015,730,645,85
2807904016,790,679,111
2807904017,745,646,99
2807904018,724,665,59
2807904019,371,319,52
2807904020,415,360,55
2807904021,458,412,46
2807904023,463,397,66
2807904024,756,641,115
2807904025,544,476,68
2807904026,471,417,54
2807904027,836,687,149
2807904028,772,666,106
2807904029,803,708,95
2807904030,790,701,89
2807904031,490,422,68
2807904032,444,389,55
2807904033,583,527,56
2807904034,868,774,94
2807904035,815,690,125
2807904036,441,393,48
2807904037,447,409,38
2807904038,634,536,98
2807904039,471,425,46
2807904040,452,423,29
2807904041,541,486,55
2807904042,793,710,83
2807904043,774,705,69
2807904044,839,750,89
2807904045,813,731,82
2807904046,380,341,39
2807904047,637,592,45
2807904048,560,460,100
2807904049,722,622,100
2807904050,381,337,44
2807904051,688,601,87
2807904052,612,526,86
2807904053,666,601,65
2807904054,677,624,53
2807904055,898,819,79
2807904056,799,724,75
2807904057,655,576,79
2807904058,732,635,97
2807904060,766,654,112
2807904061,768,689,79
2807904062,669,601,68
2807904063,851,748,103
2807904064,563,502,61
2807904065,922,817,105
2807904067,613,555,58
2807904068,549,481,68
2807904069,854,745,109
2807904070,639,580,59
2807904071,654,602,52
2807904072,388,372,16
2807904073,756,721,35
2807904074,599,567,32
2807904075,488,472,16
2807904076,513,490,23
2807904077,593,569,24
2807904078,351,345,6
2807904079,588,557,31
2807904080,422,404,18
2807904081,613,572,41
2807904082,462,434,28
2807904083,392,365,27
2807904084,465,432,33
2807904085,1043,938,105
2807904086,1436,1310,126
2807904087,1285,1144,141
2807904088,1129,979,150
2807904089,434,377,57
2807904090,665,580,85
2807904091,772,638,134
2807904092,522,467,55
2807904093,586,505,81
2807904094,749,680,69
2807904095,374,317,57
2807904096,441,377,64
2807904097,590,509,81
2807904098,716,651,65
2807904099,657,563,94
2807904100,462,425,37
2807904101,494,383,111
2807904102,706,571,135
2807904103,692,581,111
2807904104,661,570,91
2807904105,639,567,72
2807904106,605,495,110
2807904107,368,323,45
2807904108,539,467,72
2807904109,905,798,107
2807904110,634,523,111
2807904111,1017,901,116
2807904112,747,645,102
2807904113,629,540,89
2807904114,821,707,114
2807904115,1113,982,131
2807904116,487,408,79
2807904117,473,407,66
2807904118,429,363,66
2807904119,819,715,104
2807904120,526,479,47
2807904121,661,593,68
2807904123,804,682,122
2807904124,538,432,106
2807904126,845,725,120
2807904127,583,449,134
2807904128,592,435,157
2807904129,437,353,84
2807904130,460,380,80
2807905001,663,581,82
2807905002,877,733,144
2807905003,1004,887,117
2807905004,780,705,75
2807905005,764,711,53
2807905006,718,635,83
2807905007,1053,954,99
2807905008,847,723,124
2807905009,639,565,74
2807905010,475,384,91
2807905011,451,375,76
2807905012,640,535,105
2807905013,465,422,43
2807905014,607,543,64
2807905015,564,483,81
2807905016,490,421,69
2807905017,760,658,102
2807905018,701,606,95
2807905019,512,445,67
2807905020,665,578,87
2807905021,448,380,68
2807905022,805,725,80
2807905023,763,723,40
2807905024,495,468,27
2807905025,603,568,35
2807905026,884,818,66
2807905027,941,867,74
2807905028,1036,924,112
2807905029,975,826,149
2807905030,752,631,121
2807905031,555,496,59
2807905032,829,713,116
2807905033,1034,951,83
2807905034,892,807,85
2807905035,666,626,40
2807905036,882,828,54
2807905037,651,635,16
2807905038,1023,933,90
2807905039,881,803,78
2807905040,397,344,53
2807905041,648,513,135
2807905042,784,705,79
2807905043,707,646,61
2807905044,954,834,120
2807905045,950,827,123
2807905046,945,827,118
2807905047,941,794,147
2807905048,664,601,63
2807905049,645,623,22
2807905051,807,741,66
2807905052,802,739,63
2807905053,1154,1070,84
2807905054,842,769,73
2807905055,839,775,64
2807905056,819,758,61
2807905057,635,584,51
2807905058,962,899,63
2807905059,415,391,24
2807905060,773,699,74
2807905061,1196,1128,68
2807905062,928,869,59
2807905063,452,415,37
2807905064,1074,986,88
2807905065,669,621,48
2807905066,740,675,65
2807905067,1347,1243,104
2807905068,975,899,76
2807905069,457,421,36
2807905070,1148,1049,99
2807905072,871,795,76
2807905073,925,852,73
2807905074,795,708,87
2807905075,935,841,94
2807905076,1227,1075,152
2807905077,792,694,98
2807905078,479,428,51
2807905079,1057,914,143
2807905080,558,505,53
2807905081,1163,1093,70
2807905082,1277,1148,129
2807905083,1045,902,143
2807905084,901,832,69
2807905085,992,920,72
2807905086,703,608,95
2807905087,941,852,89
2807905088,427,400,27
2807905089,417,397,20
2807905090,540,506,34
2807905091,441,401,40
2807905092,770,647,123
2807905094,1353,1249,104
2807905095,1006,977,29
2807905096,741,654,87
2807905097,817,765,52
2807905098,628,580,48
2807905099,982,918,64
2807905100,999,928,71
2807905101,1332,1263,69
2807905102,472,461,11
2807906001,749,571,178
2807906002,523,428,95
2807906003,795,652,143
2807906004,624,459,165
2807906005,585,462,123
2807906006,487,356,131
2807906007,566,467,99
2807906008,539,415,124
2807906009,616,540,76
2807906010,921,862,59
2807906011,692,528,164
2807906012,552,420,132
2807906013,558,429,129
2807906014,640,520,120
2807906015,588,437,151
2807906016,943,678,265
2807906017,557,418,139
2807906018,758,565,193
2807906019,1306,881,425
2807906021,1078,742,336
2807906023,648,561,87
2807906024,391,321,70
2807906025,574,425,149
2807906026,569,492,77
2807906027,687,588,99
2807906028,776,720,56
2807906029,851,762,89
2807906031,651,581,70
2807906032,557,462,95
2807906033,799,572,227
2807906034,448,354,94
2807906035,878,693,185
2807906036,587,470,117
2807906037,632,491,141
2807906038,476,434,42
2807906039,487,454,33
2807906040,621,582,39
2807906041,936,805,131
2807906042,1123,881,242
2807906043,779,630,149
2807906044,581,542,39
2807906045,631,593,38
2807906046,861,769,92
2807906048,506,479,27
2807906049,422,396,26
2807906050,353,319,34
2807906051,639,606,33
2807906052,573,521,52
2807906053,700,574,126
2807906054,620,530,90
2807906056,1268,943,325
2807906057,797,691,106
2807906058,655,570,85
2807906059,560,486,74
2807906060,524,485,39
2807906061,505,467,38
2807906062,1047,935,112
2807906063,632,557,75
2807906064,392,366,26
2807906065,475,419,56
2807906066,734,633,101
2807906067,648,504,144
2807906068,656,566,90
2807906069,825,630,195
2807906070,728,619,109
2807906071,523,466,57
2807906072,1115,924,191
2807906073,889,755,134
2807906074,520,481,39
2807906075,549,459,90
2807906076,510,423,87
2807906077,452,401,51
2807906078,534,490,44
2807906079,558,500,58
2807906080,485,409,76
2807906081,1388,1225,163
2807906084,919,861,58
2807906085,870,667,203
2807906089,630,562,68
2807906090,1030,823,207
2807906091,810,629,181
2807906092,620,513,107
2807906093,696,497,199
2807906094,996,778,218
2807906095,626,502,124
2807906096,581,456,125
2807906097,696,583,113
2807906098,370,336,34
2807906099,803,647,156
2807906101,615,513,102
2807906102,875,728,147
2807906103,877,674,203
2807906104,664,492,172
2807906105,1039,796,243
2807906106,702,547,155
2807906107,778,632,146
2807906108,763,501,262
2807906109,1140,790,350
2807906110,749,574,175
2807906111,1013,820,193
2807906112,557,461,96
2807906113,537,477,60
2807906114,1021,837,184
2807906115,589,475,114
2807906116,1177,905,272
2807906117,1132,867,265
2807906118,528,392,136
2807906119,519,388,131
2807906120,789,594,195
2807906121,702,573,129
2807906122,915,766,149
2807906123,768,577,191
2807906124,598,484,114
2807906125,807,771,36
2807906126,772,564,208
2807906127,818,769,49
2807906128,765,688,77
2807906129,982,809,173
2807907001,616,534,82
2807907002,476,421,55
2807907003,699,577,122
2807907004,496,448,48
2807907005,408,339,69
2807907006,807,740,67
2807907007,498,452,46
2807907008,714,675,39
2807907009,459,395,64
2807907010,606,519,87
2807907011,643,559,84
2807907012,793,687,106
2807907013,451,402,49
2807907014,649,571,78
2807907016,833,726,107
2807907017,488,447,41
2807907018,841,783,58
2807907019,635,580,55
2807907021,1000,933,67
2807907023,545,503,42
2807907024,389,363,26
2807907025,677,595,82
2807907026,988,903,85
2807907028,670,627,43
2807907030,638,577,61
2807907031,429,385,44
2807907032,776,672,104
2807907034,782,698,84
2807907035,399,361,38
2807907036,803,714,89
2807907038,604,541,63
2807907039,502,440,62
2807907040,563,502,61
2807907041,691,598,93
2807907042,524,498,26
2807907043,623,555,68
2807907044,504,472,32
2807907045,522,441,81
2807907046,430,365,65
2807907047,610,540,70
2807907048,975,877,98
2807907049,371,337,34
2807907050,476,412,64
2807907051,423,352,71
2807907052,398,340,58
2807907053,743,643,100
2807907055,382,335,47
2807907056,411,382,29
2807907057,799,707,92
2807907058,620,556,64
2807907059,432,357,75
2807907060,507,446,61
2807907061,713,658,55
2807907062,515,469,46
2807907063,691,628,63
2807907064,635,581,54
2807907065,757,640,117
2807907066,621,518,103
2807907067,574,507,67
2807907068,582,525,57
2807907069,557,490,67
2807907070,674,588,86
2807907071,557,502,55
2807907072,810,726,84
2807907073,742,641,101
2807907075,563,476,87
2807907076,541,479,62
2807907078,558,491,67
2807907079,500,432,68
2807907080,716,622,94
2807907081,715,606,109
2807907082,600,521,79
2807907083,372,321,51
2807907084,644,570,74
2807907085,905,806,99
2807907086,464,420,44
2807907087,520,456,64
2807907088,615,552,63
2807907089,784,668,116
2807907090,555,434,121
2807907091,603,547,56
2807907092,657,576,81
2807907093,707,618,89
2807907094,915,821,94
2807907095,785,692,93
2807907096,593,528,65
2807907097,443,375,68
2807907098,495,465,30
2807907099,530,475,55
2807907100,518,439,79
2807907101,699,623,76
2807907102,753,681,72
2807907103,865,755,110
2807907105,616,554,62
2807907106,763,674,89
2807907107,615,562,53
2807907108,551,492,59
2807907109,778,698,80
2807907110,593,509,84
2807907111,748,683,65
2807907112,368,327,41
2807907113,403,362,41
2807907114,972,913,59
2807907115,780,703,77
2807907116,595,555,40
2807907117,781,667,114
2807907118,783,688,95
2807907119,726,668,58
2807907120,647,614,33
2807907121,984,904,80
2807907122,614,554,60
2807907123,625,577,48
2807907124,404,378,26
2807907125,564,537,27
2807907126,578,554,24
2807907127,856,812,44
2807907128,407,387,20
2807907129,498,458,40
2807907130,607,557,50
2807907131,693,646,47
2807907132,696,654,42
2807907133,663,632,31
2807907134,318,313,5
2807907135,654,604,50
2807908001,467,456,11
2807908002,320,310,10
2807908003,596,567,29
2807908004,347,341,6
2807908005,534,461,73
2807908006,527,496,31
2807908007,704,635,69
2807908008,766,657,109
2807908009,866,795,71
2807908010,465,426,39
2807908011,350,309,41
2807908012,699,655,44
2807908013,1276,1204,72
2807908014,385,361,24
2807908015,516,478,38
2807908016,475,408,67
2807908017,974,911,63
2807908018,443,394,49
2807908019,467,408,59
2807908020,471,417,54
2807908021,555,496,59
2807908022,509,463,46
2807908023,524,466,58
2807908024,1047,987,60
2807908025,455,418,37
2807908026,769,694,75
2807908027,758,683,75
2807908028,656,604,52
2807908029,793,757,36
2807908030,800,767,33
2807908031,780,754,26
2807908032,362,329,33
2807908033,571,555,16
2807908034,857,831,26
2807908035,738,705,33
2807908036,890,845,45
2807908037,434,428,6
2807908038,456,439,17
2807908039,580,547,33
2807908040,585,561,24
2807908041,381,364,17
2807908042,776,739,37
2807908043,740,721,19
2807908044,843,815,28
2807908045,523,492,31
2807908046,624,556,68
2807908047,727,648,79
2807908048,618,547,71
2807908049,1218,1157,61
2807908050,1044,962,82
2807908051,708,677,31
2807908052,1011,928,83
2807908053,626,535,91
2807908054,587,562,25
2807908055,796,765,31
2807908056,640,607,33
2807908057,579,556,23
2807908058,478,445,33
2807908059,487,464,23
2807908060,714,687,27
2807908061,504,447,57
2807908062,369,336,33
2807908063,468,412,56
2807908064,653,560,93
2807908065,513,446,67
2807908066,433,367,66
2807908067,768,660,108
2807908068,553,486,67
2807908069,487,418,69
2807908071,525,475,50
2807908072,533,470,63
2807908073,488,432,56
2807908074,535,466,69
2807908075,515,427,88
2807908076,467,401,66
2807908077,539,466,73
2807908078,432,381,51
2807908079,547,489,58
2807908080,491,431,60
2807908081,488,440,48
2807908082,526,459,67
2807908083,562,487,75
2807908084,505,423,82
2807908085,448,388,60
2807908086,441,400,41
2807908087,433,335,98
2807908088,465,392,73
2807908089,390,346,44
2807908090,667,630,37
2807908091,455,392,63
2807908092,548,486,62
2807908093,525,486,39
2807908094,616,559,57
2807908095,871,826,45
2807908096,794,768,26
2807908097,434,425,9
2807908098,944,914,30
2807908099,814,762,52
2807908100,742,718,24
2807908102,1085,1046,39
2807908103,717,663,54
2807908104,612,523,89
2807908105,448,352,96
2807908106,514,415,99
2807908107,437,362,75
2807908108,423,357,66
2807908109,703,590,113
2807908110,597,537,60
2807908111,817,728,89
2807908112,627,579,48
2807908113,521,463,58
2807908114,505,419,86
2807908115,559,474,85
2807908116,433,375,58
2807908117,486,411,75
2807908119,905,771,134
2807908120,581,486,95
2807908121,796,761,35
2807908122,460,420,40
2807908123,724,600,124
2807908124,927,777,150
2807908125,621,518,103
2807908126,815,714,101
2807908128,1627,1483,144
2807908129,613,579,34
2807908130,272,239,33
2807908131,1768,1657,111
2807908132,514,461,53
2807908133,432,418,14
2807908134,754,665,89
2807908135,1328,1248,80
2807908136,690,652,38
2807908137,950,872,78
2807908138,665,580,85
2807908139,1286,1230,56
2807908140,455,432,23
2807908141,555,540,15
2807908142,629,609,20
2807908143,668,637,31
2807908144,837,812,25
2807908145,699,667,32
2807908146,792,779,13
2807908147,862,812,50
2807908148,1056,1025,31
2807908149,410,385,25
2807908150,725,663,62
2807908151,480,460,20
2807908152,856,818,38
2807908153,836,794,42
2807908154,911,871,40
2807908155,841,819,22
2807908156,748,734,14
2807908157,409,347,62
2807908158,799,748,51
2807908159,1034,971,63
2807908160,1824,1693,131
2807908161,2100,1837,263
2807908162,763,716,47
2807908163,984,951,33
2807908164,1422,1354,68
2807908165,875,827,48
2807908166,588,539,49
2807908167,1785,1653,132
2807908168,1591,1506,85
2807908169,1400,1331,69
2807908170,1395,1308,87
2807908171,1668,1582,86
2807908172,1104,992,112
2807908173,1714,1621,93
2807908174,951,847,104
2807908175,528,496,32
2807908176,1469,1388,81
2807908177,705,691,14
2807908178,1035,982,53
2807908179,714,657,57
2807908180,536,513,23
2807909001,659,606,53
2807909002,668,618,50
2807909004,836,749,87
2807909005,450,421,29
2807909006,410,390,20
2807909007,525,486,39
2807909008,640,614,26
2807909009,557,508,49
2807909010,1252,1168,84
2807909011,678,585,93
2807909012,383,335,48
2807909013,668,544,124
2807909014,983,847,136
2807909015,869,760,109
2807909016,511,441,70
2807909017,642,565,77
2807909018,731,648,83
2807909019,846,803,43
2807909020,510,468,42
2807909021,549,500,49
2807909022,623,540,83
2807909023,1043,823,220
2807909024,384,343,41
2807909025,531,464,67
2807909026,714,588,126
2807909028,890,783,107
2807909029,523,484,39
2807909030,688,629,59
2807909031,351,328,23
2807909033,799,573,226
2807909034,837,770,67
2807909035,464,437,27
2807909036,573,525,48
2807909037,1234,1141,93
2807909038,667,633,34
2807909039,623,575,48
2807909040,490,451,39
2807909041,872,746,126
2807909043,980,848,132
2807909044,610,574,36
2807909045,598,557,41
2807909046,849,780,69
2807909047,715,648,67
2807909049,598,558,40
2807909050,487,432,55
2807909051,722,667,55
2807909052,1020,952,68
2807909053,472,444,28
2807909054,679,599,80
2807909055,936,859,77
2807909056,1130,1042,88
2807909057,507,438,69
2807909058,512,434,78
2807909060,826,716,110
2807909061,509,428,81
2807909063,725,642,83
2807909064,788,671,117
2807909065,644,545,99
2807909066,442,388,54
2807909067,453,378,75
2807909068,540,487,53
2807909069,450,378,72
2807909070,431,407,24
2807909071,1536,1352,184
2807909072,1446,1328,118
2807909073,1135,992,143
2807909074,857,707,150
2807909075,1280,1095,185
2807909076,562,409,153
2807909077,610,506,104
2807909078,1138,982,156
2807909079,1052,1006,46
2807909080,1463,1371,92
2807909081,455,431,24
2807909082,488,441,47
2807909083,1519,1445,74
2807909084,477,419,58
2807909085,807,745,62
2807909086,931,797,134
2807909087,1144,1003,141
2807909088,1183,1093,90
2807909089,847,760,87
2807909090,978,902,76
2807909091,991,888,103
2807910001,543,464,79
2807910002,507,469,38
2807910003,438,412,26
2807910004,417,359,58
2807910005,668,597,71
2807910006,1255,1078,177
2807910007,652,522,130
2807910008,536,399,137
2807910009,602,480,122
2807910010,431,364,67
2807910011,399,359,40
2807910012,519,471,48
2807910013,401,369,32
2807910014,454,440,14
2807910015,699,600,99
2807910016,688,610,78
2807910017,493,439,54
2807910018,446,359,87
2807910020,477,411,66
2807910021,715,589,126
2807910022,543,399,144
2807910023,441,362,79
2807910024,666,510,156
2807910025,640,526,114
2807910026,493,440,53
2807910027,669,555,114
2807910028,640,490,150
2807910029,726,588,138
2807910030,709,567,142
2807910031,436,371,65
2807910032,719,583,136
2807910033,504,422,82
2807910034,409,314,95
2807910035,545,467,78
2807910036,795,686,109
2807910037,867,693,174
2807910038,429,338,91
2807910039,641,544,97
2807910040,471,371,100
2807910041,745,613,132
2807910042,702,592,110
2807910043,800,662,138
2807910044,487,406,81
2807910046,680,594,86
2807910047,512,382,130
2807910048,646,494,152
2807910049,643,529,114
2807910050,760,612,148
2807910051,554,437,117
2807910052,618,495,123
2807910053,637,484,153
2807910054,700,642,58
2807910055,674,578,96
2807910056,603,481,122
2807910057,811,654,157
2807910058,544,437,107
2807910059,639,514,125
2807910060,1052,964,88
2807910061,855,708,147
2807910062,446,361,85
2807910063,814,672,142
2807910065,436,362,74
2807910067,491,435,56
2807910068,462,386,76
2807910069,717,576,141
2807910070,605,489,116
2807910072,1106,990,116
2807910073,647,512,135
2807910074,451,383,68
2807910075,493,424,69
2807910076,534,478,56
2807910077,412,351,61
2807910078,582,515,67
2807910081,339,315,24
2807910082,502,425,77
2807910083,399,325,74
2807910084,1076,817,259
2807910086,780,623,157
2807910087,507,503,4
2807910088,663,578,85
2807910089,568,479,89
2807910090,459,419,40
2807910091,514,498,16
2807910092,464,407,57
2807910093,472,414,58
2807910094,617,480,137
2807910095,647,519,128
2807910096,785,602,183
2807910098,587,523,64
2807910099,603,546,57
2807910100,524,453,71
2807910101,564,509,55
2807910102,379,347,32
2807910103,611,515,96
2807910104,320,295,25
2807910106,745,680,65
2807910107,552,514,38
2807910108,437,385,52
2807910109,753,691,62
2807910110,471,366,105
2807910111,402,307,95
2807910112,558,396,162
2807910113,489,389,100
2807910114,545,436,109
2807910115,647,498,149
2807910116,763,702,61
2807910117,635,592,43
2807910118,580,534,46
2807910119,828,799,29
2807910120,646,566,80
2807910121,634,569,65
2807910122,613,541,72
2807910123,506,448,58
2807910124,786,619,167
2807910125,414,364,50
2807910126,696,574,122
2807910127,499,415,84
2807910128,723,655,68
2807910129,364,333,31
2807910130,860,749,111
2807910131,614,519,95
2807910132,439,379,60
2807910133,903,807,96
2807910134,346,309,37
2807910135,444,396,48
2807910136,633,532,101
2807910137,511,405,106
2807910138,412,376,36
2807910139,585,495,90
2807910140,462,410,52
2807910142,928,746,182
2807910143,685,591,94
2807910144,727,520,207
2807910145,863,656,207
2807910146,654,517,137
2807910147,796,605,191
2807910148,766,570,196
2807910149,545,378,167
2807910150,461,347,114
2807910151,948,753,195
2807910152,429,403,26
2807910153,1302,1164,138
2807910154,433,378,55
2807910156,469,457,12
2807910157,389,385,4
2807910158,620,599,21
2807910159,595,582,13
2807910161,876,771,105
2807910162,515,434,81
2807910163,413,352,61
2807910164,742,601,141
2807910165,616,553,63
2807910167,1175,1109,66
2807910168,696,579,117
2807910169,411,367,44
2807910170,623,554,69
2807910171,593,550,43
2807910172,417,380,37
2807910173,846,771,75
2807910174,522,472,50
2807910175,469,424,45
2807910176,650,594,56
2807910178,525,488,37
2807910179,604,545,59
2807910180,667,597,70
2807910181,658,602,56
2807910182,584,508,76
2807910183,562,509,53
2807910184,518,472,46
2807910185,421,366,55
2807910187,642,571,71
2807910188,521,469,52
2807910189,798,708,90
2807910190,597,504,93
2807910191,867,742,125
2807910192,864,822,42
2807910193,407,383,24
2807910194,509,461,48
2807910196,360,301,59
2807910197,681,614,67
2807910198,697,635,62
2807910199,859,781,78
2807910201,583,540,43
2807910202,398,364,34
2807910203,829,735,94
2807910204,489,428,61
2807910205,730,691,39
2807910206,691,619,72
2807910207,760,705,55
2807910209,693,607,86
2807910210,660,628,32
2807910211,553,515,38
2807910212,513,496,17
2807910213,1179,1134,45
2807910214,982,936,46
2807910215,777,736,41
2807910216,1352,1281,71
2807910217,501,453,48
2807910218,584,571,13
2807910219,769,744,25
2807910220,1349,1273,76
2807911001,651,534,117
2807911002,884,754,130
2807911003,964,884,80
2807911004,790,718,72
2807911005,637,563,74
2807911006,686,594,92
2807911007,1075,867,208
2807911010,449,402,47
2807911011,440,392,48
2807911012,1055,853,202
2807911013,802,632,170
2807911015,840,664,176
2807911016,580,483,97
2807911017,635,546,89
2807911018,435,378,57
2807911019,377,312,65
2807911021,719,584,135
2807911022,802,698,104
2807911023,698,524,174
2807911024,736,613,123
2807911025,741,621,120
2807911026,1159,925,234
2807911028,564,498,66
2807911029,457,402,55
2807911030,456,390,66
2807911031,538,488,50
2807911032,787,619,168
2807911033,924,627,297
2807911034,561,436,125
2807911035,603,464,139
2807911036,659,471,188
2807911037,698,540,158
2807911038,589,467,122
2807911039,967,821,146
2807911040,489,371,118
2807911041,810,574,236
2807911042,651,515,136
2807911043,602,493,109
2807911044,928,875,53
2807911045,427,387,40
2807911046,455,384,71
2807911047,714,568,146
2807911048,855,766,89
2807911049,1039,900,139
2807911050,661,585,76
2807911051,793,702,91
2807911054,616,561,55
2807911055,644,497,147
2807911056,594,453,141
2807911057,520,408,112
2807911058,394,318,76
2807911059,651,518,133
2807911060,666,625,41
2807911061,528,414,114
2807911062,801,601,200
2807911063,1137,937,200
2807911065,844,773,71
2807911066,356,324,32
2807911067,1574,1299,275
2807911068,700,512,188
2807911069,1123,872,251
2807911070,1048,864,184
2807911071,920,785,135
2807911072,788,599,189
2807911073,705,509,196
2807911074,481,353,128
2807911075,454,393,61
2807911078,835,608,227
2807911079,522,410,112
2807911080,956,726,230
2807911081,974,763,211
2807911082,646,462,184
2807911083,459,332,127
2807911084,459,334,125
2807911085,711,570,141
2807911086,567,440,127
2807911087,802,615,187
2807911088,897,732,165
2807911089,1056,823,233
2807911091,768,613,155
2807911092,640,515,125
2807911093,669,617,52
2807911094,751,716,35
2807911095,615,575,40
2807911096,481,450,31
2807911097,614,546,68
2807911098,770,697,73
2807911099,526,481,45
2807911100,1025,913,112
2807911101,871,754,117
2807911102,736,632,104
2807911103,824,683,141
2807911104,608,501,107
2807911105,451,355,96
2807911106,483,407,76
2807911107,643,529,114
2807911108,690,534,156
2807911109,710,513,197
2807911110,601,475,126
2807911111,613,471,142
2807911112,697,578,119
2807911113,827,586,241
2807911114,690,556,134
2807911115,1014,778,236
2807911116,439,326,113
2807911117,912,696,216
2807911118,609,486,123
2807911119,675,486,189
2807911120,572,428,144
2807911121,704,559,145
2807911122,592,412,180
2807911123,527,504,23
2807911124,831,714,117
2807911125,772,667,105
2807911126,1431,1255,176
2807911128,606,505,101
2807911129,509,463,46
2807911130,884,737,147
2807911131,516,400,116
2807911132,440,321,119
2807911133,529,467,62
2807911134,419,345,74
2807911135,520,437,83
2807911136,633,539,94
2807911137,1126,1002,124
2807911138,549,449,100
2807911139,775,620,155
2807911140,871,619,252
2807911141,619,506,113
2807911142,374,316,58
2807911143,680,578,102
2807911145,625,543,82
2807911146,743,622,121
2807911147,774,698,76
2807911148,1130,1020,110
2807911149,497,423,74
2807911150,594,510,84
2807911151,514,447,67
2807911152,1082,943,139
2807911153,823,645,178
2807911154,634,498,136
2807911155,1216,1093,123
2807911156,1373,1261,112
2807911157,608,545,63
2807911158,682,594,88
2807911159,330,280,50
2807911160,453,364,89
2807911161,678,485,193
2807911162,405,348,57
2807911163,741,648,93
2807911165,877,745,132
2807911167,556,452,104
2807911168,564,465,99
2807911169,1353,1011,342
2807911170,522,393,129
2807911171,502,386,116
2807911173,688,546,142
2807911174,425,351,74
2807911175,850,668,182
2807911176,612,514,98
2807911177,1189,1019,170
2807911178,461,361,100
2807911179,510,439,71
2807911180,726,668,58
2807911181,541,490,51
2807911182,1387,1276,111
2807911183,1284,1198,86
2807911184,610,581,29
2807911185,773,700,73
2807911186,869,820,49
2807911187,1491,1394,97
2807911188,991,957,34
2807911189,1217,1140,77
2807911190,1588,1508,80
2807911191,1111,1071,40
2807911192,1508,1407,101
2807911193,707,588,119
2807911194,596,565,31
2807912001,327,316,11
2807912002,422,409,13
2807912003,651,614,37
2807912005,529,504,25
2807912006,412,399,13
2807912007,746,696,50
2807912008,658,601,57
2807912009,581,548,33
2807912010,500,468,32
2807912011,509,476,33
2807912012,499,472,27
2807912013,520,467,53
2807912014,579,544,35
2807912015,580,536,44
2807912016,886,811,75
2807912018,908,849,59
2807912019,616,566,50
2807912020,658,603,55
2807912021,348,300,48
2807912022,439,371,68
2807912023,755,648,107
2807912024,1058,959,99
2807912027,861,730,131
2807912028,475,386,89
2807912029,690,509,181
2807912030,634,471,163
2807912031,435,333,102
2807912032,1397,1232,165
2807912033,645,552,93
2807912034,743,653,90
2807912036,323,282,41
2807912037,684,633,51
2807912039,552,457,95
2807912041,838,676,162
2807912042,648,485,163
2807912043,737,602,135
2807912044,827,599,228
2807912045,933,603,330
2807912046,870,545,325
2807912047,599,380,219
2807912048,821,605,216
2807912049,874,649,225
2807912050,730,552,178
2807912051,694,583,111
2807912052,633,560,73
2807912053,1065,1001,64
2807912054,716,636,80
2807912055,970,704,266
2807912056,929,626,303
2807912057,779,493,286
2807912059,925,781,144
2807912061,1205,972,233
2807912062,741,601,140
2807912064,703,588,115
2807912065,666,469,197
2807912066,773,441,332
2807912067,1044,672,372
2807912069,666,485,181
2807912070,608,529,79
2807912071,889,728,161
2807912073,520,395,125
2807912074,458,361,97
2807912075,889,653,236
2807912077,819,722,97
2807912078,721,560,161
2807912079,586,461,125
2807912080,777,566,211
2807912081,696,543,153
2807912082,529,393,136
2807912083,667,491,176
2807912084,565,466,99
2807912086,582,532,50
2807912087,945,805,140
2807912088,1003,657,346
2807912089,644,426,218
2807912090,624,468,156
2807912091,974,751,223
2807912092,726,524,202
2807912093,1031,708,323
2807912094,1063,720,343
2807912096,774,473,301
2807912097,613,405,208
2807912098,940,902,38
2807912099,618,592,26
2807912100,816,721,95
2807912101,920,854,66
2807912102,1309,1213,96
2807912103,1314,1141,173
2807912104,913,735,178
2807912105,860,699,161
2807912106,1205,1089,116
2807912107,1239,1059,180
2807912108,1470,1218,252
2807912109,1111,886,225
2807913002,643,614,29
2807913003,387,365,22
2807913004,365,346,19
2807913005,435,398,37
2807913006,475,454,21
2807913007,540,504,36
2807913008,757,663,94
2807913010,561,498,63
2807913011,421,383,38
2807913012,641,576,65
2807913013,679,613,66
2807913014,632,566,66
2807913016,606,512,94
2807913017,508,460,48
2807913018,468,406,62
2807913019,391,348,43
2807913021,522,481,41
2807913022,465,418,47
2807913023,458,414,44
2807913024,430,359,71
2807913026,453,416,37
2807913027,395,351,44
2807913028,412,368,44
2807913029,602,549,53
2807913030,979,853,126
2807913031,586,426,160
2807913032,995,819,176
2807913033,682,530,152
2807913034,616,491,125
2807913035,1352,1173,179
2807913036,575,464,111
2807913037,630,492,138
2807913038,481,371,110
2807913039,523,393,130
2807913040,691,522,169
2807913041,932,647,285
2807913042,787,522,265
2807913043,748,486,262
2807913044,1057,725,332
2807913045,710,494,216
2807913046,906,681,225
2807913047,777,644,133
2807913048,707,532,175
2807913049,990,814,176
2807913050,598,452,146
2807913052,563,400,163
2807913053,744,530,214
2807913054,967,719,248
2807913055,676,544,132
2807913056,635,523,112
2807913057,783,613,170
2807913058,535,428,107
2807913059,575,438,137
2807913060,621,491,130
2807913061,503,366,137
2807913062,597,468,129
2807913063,447,352,95
2807913064,417,302,115
2807913065,490,392,98
2807913066,554,441,113
2807913069,461,374,87
2807913074,1075,1000,75
2807913077,768,712,56
2807913078,930,818,112
2807913079,839,655,184
2807913080,764,572,192
2807913083,978,716,262
2807913084,479,355,124
2807913086,709,564,145
2807913087,386,323,63
2807913088,532,480,52
2807913089,414,335,79
2807913090,438,345,93
2807913091,606,519,87
2807913092,1121,1014,107
2807913094,1049,959,90
2807913103,443,417,26
2807913104,917,843,74
2807913108,952,855,97
2807913109,1141,1059,82
2807913110,420,373,47
2807913111,411,393,18
2807913112,708,654,54
2807913114,373,328,45
2807913115,839,764,75
2807913116,403,364,39
2807913117,430,395,35
2807913118,428,421,7
2807913119,703,597,106
2807913120,644,585,59
2807913121,469,387,82
2807913122,455,414,41
2807913123,646,611,35
2807913124,696,599,97
2807913125,631,529,102
2807913126,411,319,92
2807913127,1268,1163,105
2807913128,707,655,52
2807913129,428,386,42
2807913131,390,350,40
2807913132,585,535,50
2807913133,497,466,31
2807913134,553,512,41
2807913135,461,424,37
2807913136,587,560,27
2807913137,903,823,80
2807913138,485,435,50
2807913139,562,480,82
2807913140,803,703,100
2807913142,756,659,97
2807913143,391,332,59
2807913144,775,671,104
2807913145,506,426,80
2807913146,565,483,82
2807913147,690,581,109
2807913148,648,542,106
2807913150,746,666,80
2807913153,753,647,106
2807913154,649,579,70
2807913155,1068,922,146
2807913156,458,398,60
2807913157,653,534,119
2807913158,1107,959,148
2807913160,895,860,35
2807913161,587,551,36
2807913162,382,360,22
2807913163,491,442,49
2807913164,418,389,29
2807913166,1001,797,204
2807913168,1256,925,331
2807913169,713,553,160
2807913170,550,432,118
2807913171,551,435,116
2807913172,614,467,147
2807913173,563,447,116
2807913174,745,602,143
2807913175,698,548,150
2807913176,585,463,122
2807913177,577,483,94
2807913178,639,598,41
2807913179,326,307,19
2807913180,550,510,40
2807913181,615,587,28
2807913182,586,545,41
2807913183,660,604,56
2807913184,877,779,98
2807913185,818,675,143
2807913186,1058,900,158
2807913187,896,711,185
2807913189,573,450,123
2807913190,1590,1238,352
2807913191,1044,914,130
2807913192,715,533,182
2807913193,707,562,145
2807913194,814,592,222
2807913195,497,420,77
2807913196,672,494,178
2807913197,836,619,217
2807913198,695,647,48
2807913199,874,830,44
2807913200,746,701,45
2807913201,546,518,28
2807913202,917,835,82
2807913203,770,736,34
2807913204,790,757,33
2807913205,660,643,17
2807913206,1336,1180,156
2807913207,1153,1083,70
2807913208,936,888,48
2807913209,792,764,28
2807913210,1312,1203,109
2807913211,557,513,44
2807913212,483,434,49
2807913213,664,620,44
2807913214,690,617,73
2807913215,570,466,104
2807913216,900,803,97
2807914001,316,296,20
2807914002,676,617,59
2807914003,363,319,44
2807914004,694,646,48
2807914005,395,369,26
2807914006,341,327,14
2807914010,662,641,21
2807914012,792,710,82
2807914013,551,531,20
2807914014,368,356,12
2807914015,486,458,28
2807914016,415,387,28
2807914017,440,408,32
2807914018,606,579,27
2807914019,312,301,11
2807914020,485,463,22
2807914021,508,474,34
2807914022,472,443,29
2807914023,311,301,10
2807914024,483,463,20
2807914025,637,578,59
2807914026,492,425,67
2807914027,607,545,62
2807914028,530,454,76
2807914029,523,471,52
2807914030,898,845,53
2807914031,479,461,18
2807914032,567,546,21
2807914033,405,368,37
2807914034,460,434,26
2807914035,404,344,60
2807914036,594,514,80
2807914037,529,454,75
2807914038,418,347,71
2807914039,585,523,62
2807914040,995,937,58
2807914041,498,482,16
2807914042,608,584,24
2807914043,433,418,15
2807914044,509,464,45
2807914045,532,462,70
2807914046,585,517,68
2807914047,606,505,101
2807914048,578,502,76
2807914049,610,543,67
2807914050,589,516,73
2807914051,528,477,51
2807914052,494,443,51
2807914053,465,392,73
2807914054,561,509,52
2807914055,473,432,41
2807914056,410,357,53
2807914057,537,467,70
2807914058,463,408,55
2807914059,717,625,92
2807914060,411,376,35
2807914061,692,656,36
2807914062,534,481,53
2807914063,529,485,44
2807914064,649,585,64
2807914065,521,476,45
2807914066,409,350,59
2807914067,582,506,76
2807914068,407,352,55
2807914069,391,351,40
2807914070,518,454,64
2807914071,537,467,70
2807914072,510,456,54
2807914073,576,511,65
2807914074,381,344,37
2807914075,460,411,49
2807914076,471,435,36
2807914077,423,392,31
2807914078,354,316,38
2807914079,765,630,135
2807914080,648,634,14
2807914081,1296,1271,25
2807914082,689,635,54
2807914083,877,792,85
2807914084,636,597,39
2807914085,1203,1176,27
2807914086,1110,1081,29
2807914087,716,700,16
2807914088,601,569,32
2807914089,783,731,52
2807914090,789,756,33
2807914091,1018,996,22
2807914092,739,691,48
2807914093,761,744,17
2807915001,534,486,48
2807915002,514,447,67
2807915003,543,483,60
2807915005,441,393,48
2807915006,684,625,59
2807915008,1077,977,100
2807915009,713,582,131
2807915010,493,412,81
2807915011,726,620,106
2807915012,498,454,44
2807915013,534,483,51
2807915014,707,578,129
2807915015,412,351,61
2807915016,656,547,109
2807915017,474,401,73
2807915018,464,390,74
2807915019,473,397,76
2807915020,561,442,119
2807915021,419,333,86
2807915022,661,530,131
2807915023,846,711,135
2807915024,600,536,64
2807915025,682,604,78
2807915026,523,423,100
2807915027,488,432,56
2807915028,486,441,45
2807915029,619,560,59
2807915030,651,592,59
2807915031,598,550,48
2807915032,659,597,62
2807915033,770,630,140
2807915034,493,399,94
2807915035,672,593,79
2807915036,496,417,79
2807915037,668,554,114
2807915038,957,819,138
2807915039,904,747,157
2807915040,854,673,181
2807915041,899,732,167
2807915042,921,828,93
2807915043,749,597,152
2807915044,769,658,111
2807915045,673,563,110
2807915046,773,645,128
2807915047,560,455,105
2807915048,716,594,122
2807915049,758,596,162
2807915050,712,585,127
2807915051,911,778,133
2807915052,414,349,65
2807915053,812,658,154
2807915054,827,662,165
2807915056,856,694,162
2807915057,736,618,118
2807915058,634,489,145
2807915059,499,393,106
2807915060,642,504,138
2807915061,778,671,107
2807915062,1305,1126,179
2807915065,787,737,50
2807915066,364,339,25
2807915067,498,469,29
2807915068,661,640,21
2807915069,1003,967,36
2807915070,1181,1093,88
2807915071,716,634,82
2807915073,653,549,104
2807915074,971,822,149
2807915075,802,701,101
2807915076,541,474,67
2807915077,545,488,57
2807915078,451,371,80
2807915079,403,352,51
2807915080,434,375,59
2807915081,919,707,212
2807915082,653,567,86
2807915083,799,599,200
2807915084,580,451,129
2807915085,828,659,169
2807915086,554,466,88
2807915087,666,498,168
2807915088,634,501,133
2807915089,652,551,101
2807915090,1009,920,89
2807915092,892,785,107
2807915093,738,625,113
2807915094,741,654,87
2807915095,481,407,74
2807915096,734,624,110
2807915097,505,399,106
2807915098,586,466,120
2807915099,853,639,214
2807915100,461,378,83
2807915101,586,479,107
2807915102,567,476,91
2807915103,668,553,115
2807915104,414,362,52
2807915105,810,688,122
2807915106,690,570,120
2807915108,510,440,70
2807915109,777,654,123
2807915110,533,447,86
2807915111,478,414,64
2807915112,778,642,136
2807915113,730,615,115
2807915114,487,417,70
2807915115,1052,922,130
2807915116,618,533,85
2807915117,749,606,143
2807915118,514,442,72
2807915119,655,547,108
2807915120,550,424,126
2807915121,402,360,42
2807915122,634,553,81
2807915123,643,584,59
2807915124,544,471,73
2807915125,483,431,52
2807915126,642,560,82
2807915127,853,780,73
2807915128,1141,1022,119
2807915129,465,434,31
2807915130,554,500,54
2807915131,511,460,51
2807915132,684,637,47
2807915133,835,777,58
2807915134,617,566,51
2807915135,1212,1124,88
2807915136,551,481,70
2807915138,713,600,113
2807915139,352,306,46
2807915140,399,358,41
2807915141,628,583,45
2807915142,629,605,24
2807915143,1107,1006,101
2807915144,986,940,46
2807915145,369,349,20
2807915146,539,524,15
2807915147,410,397,13
2807915148,519,475,44
2807915149,800,735,65
2807915150,856,757,99
2807915151,896,791,105
2807915153,382,376,6
2807915154,569,528,41
2807915155,798,727,71
2807915156,764,690,74
2807915157,526,455,71
2807915158,717,640,77
2807915159,904,809,95
2807915160,1035,942,93
2807915161,1113,1047,66
2807915162,985,934,51
2807915163,673,642,31
2807915164,612,575,37
2807915165,547,524,23
2807915166,453,434,19
2807915167,572,541,31
2807915168,893,855,38
2807915170,1134,1083,51
2807915171,664,612,52
2807915172,571,553,18
2807915173,993,951,42
2807915174,739,669,70
2807915175,602,551,51
2807915176,1010,932,78
2807915177,605,578,27
2807915178,671,634,37
2807915179,710,674,36
2807915180,1133,1083,50
2807915181,618,596,22
2807915182,399,384,15
2807916001,972,873,99
2807916002,937,834,103
2807916003,1148,1020,128
2807916004,1162,895,267
2807916005,993,875,118
2807916006,1056,898,158
2807916007,1114,1030,84
2807916008,536,503,33
2807916009,574,482,92
2807916011,713,634,79
2807916012,403,365,38
2807916013,565,541,24
2807916014,442,417,25
2807916015,671,601,70
2807916016,520,475,45
2807916017,561,521,40
2807916018,422,393,29
2807916019,498,464,34
2807916020,663,617,46
2807916021,626,602,24
2807916022,765,711,54
2807916024,1166,1054,112
2807916025,1139,1018,121
2807916026,399,347,52
2807916027,391,358,33
2807916028,529,507,22
2807916029,659,612,47
2807916030,976,894,82
2807916031,696,681,15
2807916032,857,811,46
2807916033,852,744,108
2807916034,1013,885,128
2807916035,858,775,83
2807916036,1371,1251,120
2807916037,519,455,64
2807916038,676,595,81
2807916039,550,470,80
2807916040,598,503,95
2807916041,387,319,68
2807916042,441,396,45
2807916043,493,426,67
2807916044,593,531,62
2807916045,868,808,60
2807916046,939,867,72
2807916047,354,334,20
2807916048,1162,1097,65
2807916049,637,613,24
2807916050,762,705,57
2807916051,522,459,63
2807916052,580,519,61
2807916053,491,442,49
2807916054,432,398,34
2807916055,426,395,31
2807916056,389,333,56
2807916057,531,490,41
2807916058,780,674,106
2807916059,1005,929,76
2807916060,818,772,46
2807916061,737,692,45
2807916062,316,307,9
2807916063,562,519,43
2807916064,633,584,49
2807916065,499,437,62
2807916066,524,457,67
2807916067,906,802,104
2807916069,658,605,53
2807916070,971,921,50
2807916071,621,587,34
2807916072,384,373,11
2807916073,772,666,106
2807916074,620,546,74
2807916075,653,566,87
2807916076,700,618,82
2807916077,731,624,107
2807916078,482,411,71
2807916079,1034,977,57
2807916080,452,420,32
2807916081,599,546,53
2807916082,451,402,49
2807916083,1169,1078,91
2807916085,721,667,54
2807916086,1135,1063,72
2807916087,456,395,61
2807916088,774,708,66
2807916089,435,414,21
2807916090,761,717,44
2807916091,1304,1083,221
2807916092,652,604,48
2807916093,558,525,33
2807916096,735,689,46
2807916097,826,767,59
2807916098,800,756,44
2807916099,911,860,51
2807916100,545,524,21
2807916101,658,642,16
2807916102,1237,1031,206
2807916103,1000,829,171
2807916104,1094,1051,43
2807916105,697,641,56
2807916106,941,816,125
2807916107,1561,1438,123
2807916108,1825,1656,169
2807916109,1268,1175,93
2807916110,1305,1230,75
2807916111,1543,1439,104
2807916112,784,746,38
2807916113,899,759,140
2807916114,1435,1283,152
2807916115,916,807,109
2807916116,779,694,85
2807916117,1241,1161,80
2807916118,1297,1211,86
2807916119,901,788,113
2807916120,938,882,56
2807916121,819,743,76
2807916122,908,795,113
2807916123,853,758,95
2807916124,2539,2301,238
2807916125,1041,904,137
2807917002,679,531,148
2807917003,693,566,127
2807917004,1162,891,271
2807917006,806,669,137
2807917007,477,385,92
2807917008,747,595,152
2807917009,501,400,101
2807917010,648,520,128
2807917011,657,523,134
2807917012,802,661,141
2807917013,462,374,88
2807917014,567,452,115
2807917015,702,554,148
2807917016,452,378,74
2807917017,591,510,81
2807917018,563,423,140
2807917019,455,372,83
2807917020,411,368,43
2807917021,580,545,35
2807917022,521,454,67
2807917023,1008,854,154
2807917024,971,742,229
2807917025,413,337,76
2807917026,683,568,115
2807917027,1033,915,118
2807917028,635,519,116
2807917029,770,661,109
2807917031,587,443,144
2807917032,992,717,275
2807917033,670,448,222
2807917035,625,482,143
2807917036,449,335,114
2807917037,573,407,166
2807917038,699,546,153
2807917039,868,680,188
2807917041,577,420,157
2807917042,743,519,224
2807917043,996,721,275
2807917045,1546,1395,151
2807917046,950,743,207
2807917047,778,619,159
2807917048,944,876,68
2807917049,589,442,147
2807917050,705,566,139
2807917051,582,446,136
2807917052,629,514,115
2807917053,527,417,110
2807917054,600,461,139
2807917055,868,724,144
2807917057,798,607,191
2807917058,674,502,172
2807917059,736,574,162
2807917060,463,374,89
2807917061,662,503,159
2807917062,775,581,194
2807917063,525,425,100
2807917064,704,527,177
2807917065,609,472,137
2807917066,581,414,167
2807917068,796,714,82
2807917069,766,603,163
2807917070,698,645,53
2807917071,999,856,143
2807917072,573,422,151
2807917073,506,422,84
2807917074,475,432,43
2807917075,810,705,105
2807917076,637,552,85
2807917078,703,639,64
2807917079,441,378,63
2807917080,833,794,39
2807917082,798,668,130
2807917083,752,599,153
2807917084,554,456,98
2807917085,407,360,47
2807917086,407,364,43
2807917087,857,736,121
2807917089,637,537,100
2807917090,573,494,79
2807917091,621,498,123
2807917092,447,418,29
2807917093,371,343,28
2807917094,443,367,76
2807917095,454,394,60
2807917096,1311,1232,79
2807917097,822,765,57
2807917098,597,562,35
2807917099,417,396,21
2807917100,574,454,120
2807917101,917,747,170
2807917102,625,598,27
2807917103,1200,1140,60
2807917104,1022,929,93
2807917105,803,694,109
2807917106,1460,1262,198
2807917107,1286,1217,69
2807917108,770,729,41
2807917109,615,542,73
2807917110,1117,1040,77
2807917111,1346,1157,189
2807917112,1041,979,62
2807917113,1045,967,78
2807917114,860,771,89
2807918002,716,628,88
2807918003,436,378,58
2807918004,606,545,61
2807918005,607,481,126
2807918006,664,500,164
2807918007,498,413,85
2807918008,597,527,70
2807918009,809,696,113
2807918010,531,452,79
2807918011,622,529,93
2807918012,818,709,109
2807918013,610,518,92
2807918014,696,611,85
2807918015,542,450,92
2807918016,605,533,72
2807918017,568,514,54
2807918018,982,858,124
2807918019,900,812,88
2807918020,778,737,41
2807918021,545,487,58
2807918022,734,646,88
2807918023,410,355,55
2807918024,532,492,40
2807918025,922,890,32
2807918026,772,745,27
2807918027,934,857,77
2807918028,1124,955,169
2807918029,618,550,68
2807918030,412,371,41
2807918031,593,522,71
2807918032,708,637,71
2807918033,680,607,73
2807918034,683,605,78
2807918035,493,412,81
2807918036,706,638,68
2807918037,557,477,80
2807918038,511,479,32
2807918039,707,676,31
2807918040,983,933,50
2807918041,680,575,105
2807918042,990,907,83
2807918043,1014,940,74
2807918044,715,679,36
2807918045,1922,1262,660
2807918046,896,745,151
2807918047,687,619,68
2807918048,688,648,40
2807918049,1356,1290,66
2807918050,739,658,81
2807918051,890,860,30
2807918052,1580,1407,173
2807918053,1046,963,83
2807918054,1185,1137,48
2807918055,1509,1395,114
2807918056,781,711,70
2807918057,941,839,102
2807918058,1154,1019,135
2807918059,907,873,34
2807918060,1194,1081,113
2807918061,1148,1084,64
2807918062,1448,1299,149
2807918063,1305,1212,93
2807918064,1493,1340,153
2807918065,1260,1108,152
2807919001,1322,882,440
2807919002,1041,877,164
2807919003,516,400,116
2807919004,457,360,97
2807919005,653,548,105
2807919006,602,514,88
2807919007,591,503,88
2807919008,667,539,128
2807919009,746,601,145
2807919011,656,557,99
2807919012,540,433,107
2807919014,779,686,93
2807919015,551,466,85
2807919016,478,382,96
2807919018,623,528,95
2807919019,501,386,115
2807919020,567,499,68
2807919021,658,547,111
2807919022,585,499,86
2807919023,581,498,83
2807919024,414,358,56
2807919025,523,462,61
2807919026,463,404,59
2807919027,485,395,90
2807919028,696,564,132
2807919029,467,393,74
2807919032,1162,968,194
2807919033,1118,1065,53
2807919034,912,853,59
2807919035,869,816,53
2807919036,1097,1027,70
2807919037,1103,1056,47
2807919038,1015,940,75
2807919039,834,781,53
2807919040,1131,1093,38
2807919041,796,760,36
2807919042,1225,1194,31
2807919043,710,672,38
2807919044,953,860,93
2807919045,914,894,20
2807919046,948,908,40
2807919047,1274,1222,52
2807919048,1026,977,49
2807919049,1198,1123,75
2807919050,617,604,13
2807919051,974,946,28
2807920001,1128,931,197
2807920002,837,796,41
2807920003,574,506,68
2807920006,465,410,55
2807920007,831,727,104
2807920008,656,569,87
2807920009,418,398,20
2807920010,402,341,61
2807920011,351,331,20
2807920012,672,537,135
2807920013,427,371,56
2807920014,391,330,61
2807920015,452,371,81
2807920016,411,345,66
2807920017,575,487,88
2807920018,507,409,98
2807920019,387,331,56
2807920020,480,367,113
2807920021,488,418,70
2807920022,566,499,67
2807920023,504,438,66
2807920024,373,338,35
2807920025,501,444,57
2807920026,701,649,52
2807920027,539,529,10
2807920028,393,374,19
2807920029,755,696,59
2807920031,584,486,98
2807920032,448,391,57
2807920033,540,458,82
2807920034,606,504,102
2807920035,543,465,78
2807920036,552,474,78
2807920037,405,385,20
2807920038,345,322,23
2807920039,384,372,12
2807920040,485,458,27
2807920041,488,453,35
2807920042,373,336,37
2807920043,488,457,31
2807920044,604,528,76
2807920046,470,404,66
2807920047,728,645,83
2807920048,474,399,75
2807920049,512,471,41
2807920050,496,436,60
2807920051,514,465,49
2807920053,1060,944,116
2807920055,1125,1071,54
2807920056,665,622,43
2807920058,579,513,66
2807920059,397,373,24
2807920062,763,722,41
2807920063,666,607,59
2807920064,516,477,39
2807920065,1000,887,113
2807920066,955,890,65
2807920067,1180,1123,57
2807920068,1299,1098,201
2807920069,558,504,54
2807920070,512,460,52
2807920071,1433,1285,148
2807920072,941,841,100
2807920073,577,459,118
2807920074,481,416,65
2807920075,526,420,106
2807920076,706,604,102
2807920077,1146,1022,124
2807920078,736,618,118
2807920079,632,569,63
2807920080,656,612,44
2807920082,967,858,109
2807920083,503,422,81
2807920084,315,295,20
2807920085,668,525,143
2807920086,838,745,93
2807920087,600,500,100
2807920088,1084,926,158
2807920090,694,647,47
2807920091,749,596,153
2807920092,880,762,118
2807920093,675,565,110
2807920095,680,657,23
2807920096,1310,1208,102
2807920097,600,526,74
2807920098,551,507,44
2807920099,925,873,52
2807920100,864,699,165
2807920101,743,682,61
2807920102,1079,1009,70
2807920103,1203,1137,66
2807920104,1258,1225,33
2807920105,1032,970,62
2807920106,1453,1372,81
2807920107,1076,1039,37
2807920108,914,836,78
2807920109,1019,967,52
2807920110,1125,1081,44
2807920111,1010,965,45
2807920112,1138,1061,77
2807920113,1145,1108,37
2807920114,941,924,17
2807920115,1115,1084,31
2807920116,952,840,112
2807920117,870,826,44
2807920118,929,886,43
2807920119,1440,1262,178
2807920120,1718,1466,252
2807920121,1585,1195,390
2807920122,811,770,41
2807921001,779,696,83
2807921002,790,754,36
2807921003,656,622,34
2807921004,621,597,24
2807921005,948,891,57
2807921006,669,631,38
2807921007,1045,974,71
2807921008,375,363,12
2807921009,339,310,29
2807921010,687,644,43
2807921011,913,836,77
2807921012,501,475,26
2807921013,683,657,26
2807921014,1064,1006,58
2807921015,870,708,162
2807921017,776,623,153
2807921018,768,633,135
2807921019,663,543,120
2807921020,923,763,160
2807921021,651,533,118
2807921022,874,780,94
2807921023,569,478,91
2807921025,708,646,62
2807921026,845,770,75
2807921027,1343,1261,82
2807921028,654,608,46
2807921029,870,823,47
2807921030,822,737,85
2807921031,1924,1782,142
2807921032,874,787,87
2808001001,750,602,148
2808001002,460,434,26
2808001003,1216,794,422
2808001004,989,689,300
2808001005,848,652,196
2808001006,607,461,146
2808001007,876,834,42
2808001008,878,718,160
2808001009,1287,1210,77
2808001010,809,683,126
2808001011,872,796,76
2808001012,820,753,67
2808001013,675,646,29
2808001014,903,869,34
2808001015,494,474,20
2808001016,1656,1537,119
2808001017,537,490,47
2808002001,972,861,111
2808002002,852,787,65
2808002003,967,680,287
2808002004,736,692,44
2808002005,1346,1246,100
2808002006,744,500,244
2808002007,663,622,41
2808002008,770,706,64
2808002009,734,694,40
2808002010,816,771,45
2808002011,560,510,50
2808002012,761,624,137
2808002013,807,745,62
2808002014,611,566,45
2808002015,629,567,62
2808002016,600,508,92
2808002017,565,530,35
2808002018,802,725,77
2808002019,473,448,25
2808002020,826,784,42
2808002021,784,728,56
2808002022,1427,1278,149
2808002023,691,637,54
2808002024,1133,1039,94
2808002025,1191,1090,101
2808002026,857,803,54
2808002027,1495,1358,137
2808201001,1004,863,141
2808201002,1198,1022,176
2808201003,1129,1043,86
2808201004,861,760,101
2808301001,1215,1030,185
2808301002,1285,940,345
2808301003,1634,1425,209
2808301004,1338,1273,65
2808301005,1239,1185,54
2808401001,1350,1170,180
2808401002,1292,1096,196
2808401003,1073,871,202
2808401004,1226,1048,178
2808401005,1092,900,192
2808401006,870,726,144
2808401007,933,831,102
2808401008,761,710,51
2808401009,1106,1036,70
2808401010,650,589,61
2808401011,1150,1028,122
2808501001,1234,1017,217
2808501002,943,765,178
2808501003,643,610,33
2808601001,1333,1012,321
2808601002,1635,1315,320
2808601003,1244,956,288
2808701001,1210,1090,120
2808701002,990,868,122
2808801001,175,168,7
2808901001,673,656,17
2808901002,932,862,70
2808901003,834,791,43
2809001001,1266,1079,187
2809001002,1305,1135,170
2809001003,1287,1229,58
2809001004,1405,1292,113
2809001005,991,926,65
2809101001,877,761,116
2809101002,729,645,84
2809102001,1050,948,102
2809102002,1076,915,161
2809201001,850,702,148
2809201002,760,654,106
2809201003,658,538,120
2809201004,407,349,58
2809201005,614,520,94
2809201006,518,462,56
2809201007,533,460,73
2809201008,953,830,123
2809201009,941,886,55
2809201010,749,687,62
2809201011,1314,1144,170
2809201012,1219,1067,152
2809201013,1083,989,94
2809201014,1025,961,64
2809201015,1275,1197,78
2809201016,598,557,41
2809201017,1222,1133,89
2809201018,979,892,87
2809201019,1552,1357,195
2809201020,772,741,31
2809201021,721,698,23
2809201022,1087,1033,54
2809201023,562,529,33
2809202001,1015,822,193
2809202002,609,486,123
2809202003,645,549,96
2809202004,597,478,119
2809202006,765,607,158
2809202007,659,617,42
2809202008,870,737,133
2809202009,569,473,96
2809202010,505,368,137
2809202011,604,466,138
2809202012,539,386,153
2809202013,724,577,147
2809202014,842,648,194
2809202015,588,523,65
2809202016,765,662,103
2809202017,1000,911,89
2809202018,571,510,61
2809202019,573,531,42
2809202020,783,700,83
2809202021,886,802,84
2809202022,589,512,77
2809202023,709,633,76
2809202024,678,607,71
2809202025,678,637,41
2809202026,683,626,57
2809202028,991,868,123
2809202029,980,888,92
2809202030,458,405,53
2809202031,584,509,75
2809202032,764,678,86
2809202033,668,586,82
2809202034,1077,1031,46
2809202035,680,624,56
2809202036,550,499,51
2809202037,561,511,50
2809202038,1358,1243,115
2809202039,421,400,21
2809203001,943,728,215
2809203002,629,517,112
2809203003,846,676,170
2809203004,549,455,94
2809203005,558,401,157
2809203006,990,815,175
2809203007,638,506,132
2809203008,697,604,93
2809203009,802,694,108
2809203010,570,501,69
2809203011,754,594,160
2809203012,1001,868,133
2809203013,705,604,101
2809203014,389,336,53
2809203015,613,543,70
2809203016,816,729,87
2809203017,1186,1048,138
2809203018,870,805,65
2809203019,869,765,104
2809203020,623,580,43
2809203021,491,460,31
2809203022,613,560,53
2809203023,666,572,94
2809203024,584,521,63
2809203025,486,437,49
2809203026,1058,969,89
2809203027,517,412,105
2809203028,1235,1153,82
2809203029,488,444,44
2809203030,874,810,64
2809204001,532,422,110
2809204002,808,696,112
2809204003,707,607,100
2809204004,529,468,61
2809204005,913,805,108
2809204006,808,713,95
2809204007,621,518,103
2809204008,871,743,128
2809204009,1069,889,180
2809204010,434,378,56
2809204011,880,755,125
2809204012,846,770,76
2809204013,1113,986,127
2809204015,668,601,67
2809204016,732,665,67
2809204017,726,699,27
2809204018,1325,1259,66
2809204019,874,761,113
2809204020,635,566,69
2809204021,526,472,54
2809204022,594,499,95
2809204023,528,477,51
2809204024,866,788,78
2809204025,1069,977,92
2809204026,694,636,58
2809204027,1089,972,117
2809204028,548,502,46
2809204029,465,429,36
2809204030,958,879,79
2809204031,1036,973,63
2809204032,958,881,77
2809204033,636,581,55
2809204034,879,809,70
2809204035,1337,1297,40
2809204036,1017,970,47
2809204037,1168,1119,49
2809204038,572,549,23
2809204039,1425,1354,71
2809204040,1358,1291,67
2809204041,1632,1494,138
2809204042,1260,1077,183
2809204043,1022,942,80
2809301001,1459,1269,190
2809401001,660,534,126
2809501001,1182,952,230
2809601001,1144,904,240
2809601002,903,795,108
2809601003,1111,947,164
2809601004,1303,1232,71
2809601005,1289,1215,74
2809601006,621,524,97
2809601007,694,656,38
2809601008,798,712,86
2809601009,1166,1054,112
2809601010,1094,915,179
2809601011,845,805,40
2809601012,1004,936,68
2809601013,927,860,67
2809601014,896,819,77
2809701001,47,46,1
2809901001,1285,1024,261
2810001001,574,475,99
2810001002,1034,913,121
2810001003,1388,1181,207
2810101001,159,140,19
2810201001,606,525,81
2810401001,1623,1348,275
2810401002,1671,1178,493
2810401003,1456,1286,170
2810401004,475,441,34
2810401005,2033,1831,202
2810401006,1002,920,82
2810401007,1918,1736,182
2810401008,1606,1474,132
2810601001,934,650,284
2810601002,879,556,323
2810601003,1163,783,380
2810601004,1668,1240,428
2810601005,1095,819,276
2810601006,847,644,203
2810601007,930,728,202
2810601008,833,623,210
2810601009,1198,856,342
2810601010,770,564,206
2810601011,1134,736,398
2810601012,938,667,271
2810601013,1118,779,339
2810601014,537,419,118
2810601015,633,566,67
2810601016,974,769,205
2810601017,1089,813,276
2810601018,822,676,146
2810601019,635,472,163
2810601021,828,688,140
2810601022,780,587,193
2810601023,1092,828,264
2810601024,913,664,249
2810601025,847,704,143
2810601026,943,653,290
2810601027,796,675,121
2810601028,1481,1096,385
2810601029,948,731,217
2810601030,1071,791,280
2810601031,923,758,165
2810601032,763,627,136
2810601033,524,356,168
2810601034,1174,986,188
2810601035,1145,821,324
2810601036,921,782,139
2810601037,633,527,106
2810601038,801,648,153
2810601039,1141,1056,85
2810601040,651,555,96
2810601041,1000,839,161
2810601042,1034,962,72
2810601043,1312,1206,106
2810601044,1094,944,150
2810601045,512,441,71
2810601046,579,498,81
2810601047,948,865,83
2810601048,1315,1179,136
2810601049,1151,892,259
2810601050,911,841,70
2810601051,929,855,74
2810601052,966,885,81
2810601053,946,876,70
2810601054,1267,1167,100
2810601055,632,517,115
2810601056,1001,930,71
2810601057,1624,1506,118
2810601058,2040,1461,579
2810601059,1291,1084,207
2810601060,1573,1348,225
2810601061,689,633,56
2810601062,1281,1092,189
2810601063,1057,969,88
2810601064,922,718,204
2810601065,617,581,36
2810701001,291,277,14
2810801001,1420,1125,295
2810801002,1382,1088,294
2810901001,1218,942,276
2811001001,1396,1178,218
2811101001,390,347,43
2811201001,79,75,4
2811301001,537,423,114
2811301002,1006,854,152
2811301003,952,811,141
2811301004,637,541,96
2811301005,1162,985,177
2811301006,1733,1557,176
2811301007,855,781,74
2811301008,669,572,97
2811301009,510,447,63
2811301010,958,863,95
2811301011,1144,1039,105
2811301012,972,901,71
2811301013,1183,1071,112
2811302001,753,621,132
2811302002,544,453,91
2811302003,740,636,104
2811302004,1212,1083,129
2811302005,721,645,76
2811302006,868,785,83
2811302007,865,773,92
2811302008,1364,1291,73
2811302009,1005,929,76
2811302010,788,756,32
2811302011,968,916,52
2811302012,760,715,45
2811302013,658,621,37
2811302014,931,858,73
2811302015,963,875,88
2811401001,88,80,8
2811501001,1333,1251,82
2811501002,1040,946,94
2811501004,597,450,147
2811501005,485,398,87
2811501006,819,746,73
2811501007,461,366,95
2811501008,628,549,79
2811501009,564,503,61
2811501010,685,605,80
2811501011,528,438,90
2811501012,1236,1186,50
2811501013,697,537,160
2811501014,709,662,47
2811501015,934,844,90
2811501016,781,736,45
2811501017,1282,1215,67
2811501018,884,843,41
2811501019,960,874,86
2811501020,767,662,105
2811501021,807,723,84
2811501022,949,874,75
2811501023,777,745,32
2811501024,524,474,50
2811501025,1123,1066,57
2811501026,1015,923,92
2811501027,677,654,23
2811501028,1122,1037,85
2811501029,1232,1173,59
2811501030,663,634,29
2811501031,1534,1274,260
2811502001,840,789,51
2811502002,1093,963,130
2811502003,934,808,126
2811502004,881,809,72
2811502005,956,900,56
2811502006,937,856,81
2811502007,1003,911,92
2811502008,721,663,58
2811502009,930,865,65
2811502010,873,725,148
2811502011,357,342,15
2811502012,895,827,68
2811502013,1306,1241,65
2811502014,1089,1008,81
2811502015,503,469,34
2811502016,882,843,39
2811502017,479,442,37
2811502018,1014,962,52
2811502019,776,736,40
2811502020,830,801,29
2811502021,1417,1356,61
2811601001,522,443,79
2811701001,59,56,3
2811801001,24,23,1
2811901001,1622,1445,177
2812001001,758,602,156
2812101001,113,106,7
2812201001,342,299,43
2812301001,1397,1039,358
2812301002,713,637,76
2812301003,667,571,96
2812301004,1125,950,175
2812301005,766,741,25
2812301006,994,944,50
2812301007,882,758,124
2812301008,1231,1153,78
2812301009,922,793,129
2812301010,636,594,42
2812301011,627,500,127
2812301012,733,708,25
2812301013,959,937,22
2812301014,844,819,25
2812301015,929,806,123
2812301016,1026,1004,22
2812301017,1203,1147,56
2812301018,494,479,15
2812301019,1533,1403,130
2812301020,793,713,80
2812301021,1312,1176,136
2812301022,1696,1443,253
2812301023,1419,1327,92
2812301024,797,773,24
2812301025,1026,891,135
2812301026,886,731,155
2812301027,562,468,94
2812301028,453,443,10
2812301029,1242,1118,124
2812301030,1197,1151,46
2812301031,741,714,27
2812301032,1207,1063,144
2812301033,1034,1005,29
2812301034,1255,1201,54
2812301035,1196,1120,76
2812301036,1364,1264,100
2812301037,1899,1749,150
2812301038,1374,1293,81
2812301039,1006,877,129
2812301040,1063,1006,57
2812301041,939,798,141
2812401001,44,39,5
2812501001,705,633,72
2812501002,1242,1154,88
2812601001,17,13,4
2812701001,1631,1171,460
2812701002,673,519,154
2812701003,955,907,48
2812701004,954,877,77
2812701005,715,657,58
2812701006,365,340,25
2812701007,478,451,27
2812701008,715,629,86
2812701009,1460,1353,107
2812701010,1468,1120,348
2812701011,913,816,97
2812701012,1245,925,320
2812701013,645,622,23
2812701014,708,661,47
2812701015,1359,1028,331
2812701016,997,925,72
2812701017,1365,1242,123
2812701018,1198,1139,59
2812701019,724,681,43
2812701020,760,728,32
2812701021,1080,923,157
2812701022,1294,1205,89
2812701023,1192,1113,79
2812701024,1043,992,51
2812701025,634,601,33
2812701026,706,675,31
2812701027,596,553,43
2812701028,1058,977,81
2812701029,1448,1373,75
2812701030,560,518,42
2812701031,898,839,59
2812701032,1334,1238,96
2812701033,733,672,61
2812701034,1269,1206,63
2812701035,1306,1252,54
2812701036,1347,1299,48
2812701037,1428,1303,125
2812701038,1558,1459,99
2812701039,751,699,52
2812701040,1276,1220,56
2812701041,777,743,34
2812701042,1078,1028,50
2812701043,1176,1123,53
2812701044,880,847,33
2812701045,1149,1111,38
2812701046,1257,1175,82
2812701047,508,456,52
2812701048,601,563,38
2812701049,791,746,45
2812801001,224,211,13
2812901001,1265,1036,229
2812901002,941,761,180
2812901003,1590,1379,211
2812901004,1227,1070,157
2812901005,857,734,123
2812901006,793,722,71
2813001001,781,647,134
2813001002,1016,798,218
2813001003,931,806,125
2813001004,864,675,189
2813001005,1090,1010,80
2813001006,775,643,132
2813001007,988,820,168
2813001008,797,684,113
2813001009,1056,829,227
2813001010,822,652,170
2813001011,1206,1056,150
2813001012,853,716,137
2813001013,600,543,57
2813001014,912,755,157
2813001015,891,837,54
2813001016,1044,928,116
2813001017,858,819,39
2813001018,848,778,70
2813001019,1000,949,51
2813001020,696,568,128
2813001021,825,682,143
2813001022,708,647,61
2813001023,762,722,40
2813101001,1224,1031,193
2813101002,763,690,73
2813101003,1232,1093,139
2813101004,1002,936,66
2813101005,800,725,75
2813101006,1345,1273,72
2813101007,974,937,37
2813102001,789,704,85
2813102002,1258,1128,130
2813201001,569,431,138
2813201002,945,742,203
2813201003,702,623,79
2813201004,1450,1251,199
2813201005,990,862,128
2813201006,1841,1336,505
2813201007,1518,1331,187
2813201008,1209,1011,198
2813301001,755,675,80
2813301002,1343,1176,167
2813301003,1397,1192,205
2813301004,646,582,64
2813401001,464,411,53
2813401002,529,449,80
2813401003,634,537,97
2813401004,1032,879,153
2813401005,973,813,160
2813401006,835,722,113
2813401007,497,418,79
2813401008,811,659,152
2813401009,753,653,100
2813401010,444,351,93
2813401011,584,460,124
2813401012,1110,943,167
2813401014,837,709,128
2813401015,828,681,147
2813401017,595,498,97
2813401018,1046,904,142
2813401019,1029,959,70
2813401020,550,489,61
2813401021,527,464,63
2813401022,385,328,57
2813401023,365,320,45
2813401024,579,465,114
2813401025,877,769,108
2813401026,683,618,65
2813401027,1179,1084,95
2813401028,654,597,57
2813401029,895,808,87
2813401030,520,511,9
2813401031,872,824,48
2813401032,974,814,160
2813401033,1515,1232,283
2813401034,494,471,23
2813401035,1091,1067,24
2813401036,750,716,34
2813401037,958,906,52
2813401038,1022,966,56
2813401039,1166,1088,78
2813401040,482,473,9
2813401041,1011,956,55
2813401042,1018,901,117
2813401043,1503,1352,151
2813401044,1657,1551,106
2813401045,1695,1607,88
2813401046,927,867,60
2813401047,1274,1114,160
2813401048,1111,1045,66
2813401049,624,598,26
2813401050,1335,1289,46
2813401051,925,825,100
2813401052,951,886,65
2813401053,717,693,24
2813501001,547,495,52
2813601001,419,383,36
2813701001,1216,1082,134
2813801001,33,31,2
2814001001,694,661,33
2814001002,492,476,16
2814001003,815,793,22
2814101001,1367,1191,176
2814101002,1105,937,168
2814101003,1597,1437,160
2814101004,539,512,27
2814301001,33,33,0
2814401001,1411,1227,184
2814401002,815,742,73
2814401003,1071,1021,50
2814401004,1087,964,123
2814501001,798,722,76
2814501002,1006,855,151
2814601001,1280,1045,235
2814701001,623,579,44
2814801001,729,609,120
2814801002,844,773,71
2814801003,564,483,81
2814801004,457,394,63
2814801005,557,400,157
2814801006,883,761,122
2814801007,747,580,167
2814801008,513,430,83
2814801009,540,446,94
2814801010,982,834,148
2814801011,899,834,65
2814801012,1128,1037,91
2814801013,1285,1078,207
2814801014,1069,933,136
2814801015,820,700,120
2814801016,787,691,96
2814801017,758,703,55
2814801018,465,426,39
2814801019,784,750,34
2814801020,759,699,60
2814801021,701,652,49
2814801022,1110,1024,86
2814801023,720,660,60
2814801024,757,713,44
2814801025,674,558,116
2814802001,882,757,125
2814802002,1197,1016,181
2814802003,609,487,122
2814802004,991,827,164
2814802005,772,568,204
2814802006,762,593,169
2814802007,527,463,64
2814802008,739,516,223
2814802009,849,656,193
2814802010,727,641,86
2814802011,830,677,153
2814802012,600,522,78
2814802013,738,623,115
2814802014,987,847,140
2814802015,787,723,64
2814802016,1154,1052,102
2814802017,1010,922,88
2814802018,1239,1186,53
2814802019,989,919,70
2814802020,949,881,68
2814802021,1162,1068,94
2814802022,1040,849,191
2814802023,1295,1137,158
2814802024,1139,1022,117
2814802025,1407,1250,157
2814802026,999,943,56
2814803001,535,381,154
2814803002,860,563,297
2814803003,1020,663,357
2814803005,1031,828,203
2814803006,1174,1130,44
2814803007,858,785,73
2814803008,586,515,71
2814803009,851,799,52
2814804001,754,562,192
2814804002,764,516,248
2814804003,783,659,124
2814804004,901,697,204
2814804005,749,604,145
2814804006,854,621,233
2814804007,722,461,261
2814804008,724,604,120
2814804009,591,397,194
2814804010,633,560,73
2814804011,457,384,73
2814804012,550,407,143
2814804013,858,722,136
2814804014,627,503,124
2814804015,907,776,131
2814804016,667,607,60
2814804017,441,381,60
2814804018,893,697,196
2814804019,1196,1036,160
2814901001,1140,1067,73
2814901002,1521,1386,135
2814901003,755,664,91
2814901004,850,782,68
2815001001,935,878,57
2815001002,583,546,37
2815001003,606,584,22
2815101001,726,622,104
2815102001,710,587,123
2815102002,895,741,154
2815201001,1046,896,150
2815201002,1187,1079,108
2815201003,1297,1221,76
2815201004,1107,1016,91
2815201005,1360,1262,98
2815201006,1350,1239,111
2815201007,1294,1237,57
2815201008,1446,1362,84
2815201009,1235,1158,77
2815201010,683,649,34
2815301001,467,433,34
2815401001,1375,1209,166
2815401002,845,764,81
2815401003,716,651,65
2815401004,887,808,79
2815501001,308,286,22
2815601001,692,621,71
2815701001,429,382,47
2815801001,426,387,39
2815901001,377,348,29
2816001001,1331,1028,303
2816001002,1134,946,188
2816001003,1380,1281,99
2816001004,1454,1327,127
2816001005,758,711,47
2816101001,1025,891,134
2816101002,1083,949,134
2816101003,980,839,141
2816101004,636,517,119
2816101005,599,473,126
2816101006,1124,924,200
2816101007,903,780,123
2816101008,1273,1212,61
2816101009,746,674,72
2816101010,1245,1124,121
2816101011,1430,1342,88
2816101012,1279,1179,100
2816101013,1026,976,50
2816101014,719,685,34
2816101015,968,926,42
2816101016,910,866,44
2816101017,1069,950,119
2816101018,1519,1432,87
2816101019,740,716,24
2816101020,1596,1530,66
2816101021,1079,1021,58
2816101022,1158,1069,89
2816102001,900,753,147
2816102002,1206,1107,99
2816102003,901,759,142
2816102004,1294,1111,183
2816102005,937,744,193
2816102006,548,509,39
2816102007,754,686,68
2816102008,1506,1308,198
2816102009,1255,1126,129
2816102010,1818,1671,147
2816102011,1057,979,78
2816102012,1119,1057,62
2816102013,880,812,68
2816201001,1516,1376,140
2816201002,403,376,27
2816301001,272,251,21
2816401001,1199,1014,185
2816401002,924,830,94
2816501001,1325,1044,281
2816601001,202,178,24
2816701001,1014,788,226
2816701002,1025,982,43
2816701003,998,885,113
2816701004,1285,1213,72
2816701005,1123,1010,113
2816701006,566,521,45
2816801001,866,715,151
2816901001,955,858,97
2817001001,919,812,107
2817001002,731,658,73
2817101001,772,662,110
2817101002,824,648,176
2817101003,688,563,125
2817101004,827,725,102
2817201001,1158,1061,97
2817201002,1172,1097,75
2817201003,968,927,41
2817201004,387,374,13
2817201005,1257,1163,94
2817201006,1505,1392,113
2817301001,340,298,42
2817401001,1233,1080,153
2817501001,697,601,96
2817601001,1376,1186,190
2817601002,905,775,130
2817601003,1411,1254,157
2817601004,1074,959,115
2817601005,1014,872,142
2817601006,1799,1306,493
2817601007,1538,1283,255
2817601008,1290,1034,256
2817701001,1272,1057,215
2817701002,1137,977,160
2817701003,1651,1438,213
2817701004,1536,1368,168
2817701005,1781,1620,161
2817701006,1351,1177,174
2817801001,748,687,61
2817901001,979,870,109
2818001001,655,576,79
2818001002,520,462,58
2818001003,762,676,86
2818001004,800,727,73
2818001005,865,771,94
2818101001,693,591,102
2818101002,1059,953,106
2818101003,913,860,53
2818101004,562,454,108
2818101005,886,768,118
2818101006,1124,1043,81
2818101007,850,740,110
2818101008,1081,1020,61
2818101009,559,527,32
2818101010,805,744,61
2818101011,867,803,64
2818101012,1111,1039,72
2818101013,858,820,38
2818101014,1002,931,71
2818101015,1106,1062,44
2818101016,691,638,53
2818201001,119,111,8
2818301001,762,656,106
2890101001,588,481,107
2890201001,287,260,27
2890301001,1128,1059,69
2890301002,858,788,70
2890301003,996,904,92
2890301004,880,827,53
2890301005,909,855,54
2890301006,1177,1087,90
2890301007,1088,973,115
2890301008,1159,1055,104
2890301009,836,803,33
2890301010,963,912,51
2890301011,504,482,22
2890301012,552,528,24
2890301013,1031,915,116
2890301014,898,834,64
2890301015,850,758,92
2890301016,1025,972,53
2890301017,1364,1252,112
2890301018,662,621,41
2890301019,1016,920,96
2890301020,893,826,67
2890301021,513,492,21
2890301022,729,700,29
2890301023,1485,1408,77
2890301024,2181,1963,218